0000000000
10000100005
1000010000
22000100001
1010000000
20100200005
1100000000
21000000029
2010000020
30101020004
2010000200
32100000108
2010020000
30101200004
2010200000
31200010007
2020010000
30102100004
2100000002
31010002003
2100002000
31100020002
2100020000
31100200002
2102000000
31000012008
2120000000
31200010006
2200010000
32100100002
2210000000
30121000006
3001100200
42011002001
3010010020
40100102207
3010010200
40100102208
3010020010
40201210004
3010100002
40101020028
3010102000
40101020208
3010120000
40101220006
3010210000
42102100001
3012100000
40121002007
3020101000
42201010003
3100001020
41002010204
3100001200
41020012003
3100010002
41020100023
3100012000
41000120208
3100020001
41200200012
3100021000
41000212007
3100201000
41002010029
3101000020
41010002209
3101000200
41210002002
3101020000
41010200208
3101200000
41012200005
3102010000
41020120006
3110000002
41100020026
3110000020
41102000204
3110000200
41100022006
3110002000
41120020003
3110020000
41120200003
3110200000
41102000208
3112000000
41120000029
3120000001
41202000014
3120001000
40211002009
3120010000
41200100029
3121000000
41210200005
3201000100
42210001004
3201100000
41022010006
3210000010
42120000103
3210010000
42100100208
3210100000
42121000003
4001100220
51011002201
4001120200
52101200018
4010010202
52120100108
4010010220
51100102201
4010102002
50101012208
4010102020
50101120205
4010120002
50101212006
4010122000
50101210208
4010202010
50102120105
4010210002
51100122003
4010210020
50101120206
4010210200
52201110008
4010212000
51102120001
4012100002
50101012028
4012100020
51022010109
4012100200
51121002001
4012102000
52211000109
4012120000
52100211009
4020121000
50101210208
4021100200
52101020018
4021200100
51010021209
4100001202
52121000018
4100001220
51000112205
4100012002
51100100224
4100012020
51202100019
4100021020
51100210202
4100021200
51120200104
4100201002
51011022003
4100201020
51102000219
4100201200
51100002219
4100221000
51100200219
4101000202
51010102025
4101000220
51011002204
4101020020
51011200204
4101020200
51010201029
4101200002
51012100025
4101200020
51112000202
4101200200
51012002108
4101202000
51012120005
4101220000
51210201007
4102000201
51020102015
4102001200
51120012002
4102010002
51120100022
4102010020
51100122004
4102010200
51020112006
4102012000
51120120002
4102200001
52110001206
4102201000
51022110005
4102210000
51200112008
4110000022
51011020027
4110000202
51100012026
4110000220
51100012206
4110002002
51101020024
4110002020
51112000203
4110002200
51100122005
4110020002
50111202006
4110020020
51100200219
4110020200
51121200004
4110022000
51100220108
4110200002
51201010028
4110200020
51102000219
4110200200
51102102005
4110202000
51102020108
4110220000
51112200003
4112000002
52111002006
4112000020
52111000206
4112000200
51120002019
4112002000
51120020108
4112020000
51011202007
4112200000
51122100005
4120000021
51210001203
4120001020
51200110205
4120001200
51122000104
4120010002
50211102006
4120010020
51200110206
4120012000
51212100003
4120020001
51100200218
4120021000
51211200003
4120200001
51202100015
4120201000
51202110005
4120210000
51212100003
4121000020
51210001207
4121000200
51210001029
4121020000
51210201007
4121200000
51210021009
4122010000
51002112008
4201020100
51010201029
4201100020
51122000017
4201100200
52011102005
4201120000
51010202109
4202101000
52121010002
4210000012
52100100125
4210002010
52100120105
4210010002
52101100024
4210010020
51022110007
4210010200
50121100026
4210012000
52100120108
4210020010
51021210007
4210100002
51120012003
4210102000
52111000207
4210120000
52101200019
4210210000
52201110008
4212000010
52120100105
4212010000
52121100004
4212100000
52101012008
4220101000
51221010003
4221000100
51010021029
4221100000
51221010006
5001110220
61002110226
5010101202
60101212025
5010101220
60101212205
5010112002
60101120228
5010112020
62101120201
5010121020
60101212207
5010121200
62101212001
5011100220
61102010226
5011120200
61100212029
5011200120
60112201205
5011220100
61102220016
5012110002
60121100228
5012110020
60121120206
5012110200
62121102001
5012112000
62121120001
5021110200
61200112029
5100011202
61000112228
5100011220
61200112202
5100211002
61202110022
5100211020
61002112207
5100211200
61002112208
5101000212
61012002126
5101002102
61210001224
5101002120
61010021229
5101010202
61010102228
5101010220
61012102204
5101020102
61010221026
5101020210
61012200126
5101022100
61210221002
5101100022
61011200225
5101100202
61011022026
5101100220
61211002202
5101102002
61211020022
5101102020
61211020202
5101102200
61011222005
5101120002
61011200228
5101120020
61011220206
5101120200
61011202029
5101122000
61211220002
5101200012
61012200125
5101200210
61012002129
5101202010
61012022109
5101210002
61212100022
5101210020
61012102207
5101210200
61012102208
5101212000
61012120208
5101220010
61012220106
5102001210
62121002019
5102011200
61220112002
5102101002
61021010228
5102101020
61221010202
5102121000
61021210208
5102201010
61220012107
5102211000
62011122009
5110000221
61100202215
5110001202
61102012024
5110001220
61100012229
5110002012
61021010227
5110002201
61102022014
5110010022
61102100224
5110010202
61120102023
5110010220
61120102203
5110012002
61100120228
5110012020
61102120204
5110012200
61100122208
5110020012
61021210027
5110020021
61100202217
5110020201
61100202218
5110021020
62111200203
5110021200
61100212029
5110022010
61102220104
5110102002
61121020023
5110102020
61121020203
5110120002
61121200023
5110122000
61121200207
5110200021
61102200215
5110200201
61102002218
5110201002
61102210025
5110201020
61102210205
5110201200
61102212005
5110202001
61102020218
5110202010
61102220105
5110210002
61102120026
5110210020
61102120206
5110210200
61102122006
5110212000
61122120003
5110220001
61102220016
5110221000
61102212007
5112000012
61120020126
5112000201
61120002218
5112000210
61120022106
5112001200
61120012208
5112002010
61120020129
5112010002
61120102027
5112010020
61120120206
5112010200
61120122006
5112012000
61122120004
5112020010
61120200129
5112100002
61121000228
5112100020
61121200205
5112100200
61121022006
5112102000
61121022007
5112120000
61121220006
5112200001
61122200015
5112200010
61122200105
5112201000
61122010208
5112210000
61122100029
5120011020
60211102209
5120011200
61220112003
5120021010
62101220019
5120101002
61122000127
5120121000
61221210003
5120201010
61202010129
5120211000
61202110029
5121000102
61210021026
5121000120
61212021004
5121000210
61212002104
5121002100
61210021208
5121010020
61212100204
5121010200
61210102208
5121020010
61210202107
5121020100
61210201208
5121100002
61211200025
5121100020
61211200205
5121100200
61211002208
5121102000
61211220005
5121120000
61211200208
5121200010
61212000129
5121200100
61212201005
5121210000
61212120006
5122101000
61221010029
5201110020
62211100202
5201110200
62011102029
5210021100
62121200013
5210101002
62101010228
5210101020
62101010229
5210101200
62121012003
5210102001
62121000217
5210110002
62101120026
5210112000
62101120208
5210120001
62121200017
5210121000
62101212007
5211000120
61122000216
5211020100
62112201004
5211100020
61122010206
5211100200
62111002029
5211120000
62111202007
5211200100
62112001029
5212100001
62121200015
5212101000
62121010208
5212110000
62121100029
5221100010
61220012109
5221110000
62211100208
6010112022
71102112207
6010121202
72121210108
6010121220
71102212109
6011120220
71111202201
6011220120
71112201201
6012110022
71121100221
6012110202
72101112028
6012112020
71121120201
6012112200
72101110228
6021110220
71012122109
6100211022
71011122203
6100211202
72122111008
6100211220
71102112202
6101002122
71110021222
6101020212
71120211026
6101022102
71110201224
6101022120
71212201019
6101102022
71110021227
6101102202
71111022022
6101102220
71011122205
6101120022
71011212206
6101120202
71011212026
6101120220
71011202219
6101122002
71110201227
6101122020
71111220202
6101122200
71011222019
6101200212
71120011226
6101202210
71211002219
6101210022
71112100222
6101210202
71011122026
6101210220
71010121229
6101212020
71112120202
6101212200
71210101229
6101220012
71120211206
6101220210
71011220126
6102011220
71120112202
6102101022
71112002127
6102121002
71121210022
6102121020
71112200127
6102211020
71122100219
6102211200
71122112002
6102221010
71211200127
6110002221
71121020214
6110012022
71112102203
6110012202
71112102023
6110012220
71112100223
6110020221
71121220014
6110021202
71111202023
6110021220
71111200223
6110022012
71011212207
6110022201
71112201023
6110102022
71101120225
6110122002
71111200227
6110122020
71111220203
6110200221
71110021223
6110201022
71111022203
6110201202
71111022023
6110201220
71111020223
6110202012
71102120125
6110202021
71112021203
6110202201
71112021023
6110210022
71112100223
6110210202
71221110028
6110210220
71102102219
6110212002
71211100227
6110212020
71211120207
6110212200
71102122019
6110220021
71110221203
6110220201
71110221023
6110221002
71102210128
6110221020
71111220203
6110221200
71111220023
6112000212
72111002126
6112000221
72111021026
6112001220
71121012204
6112002210
71221012019
6112010022
71011122027
6112010202
71121102024
6112010220
71121122004
6112012020
72112101209
6112012200
72112101029
6112020012
71101212024
6112022010
71101212204
6112100022
71111022027
6112100202
71121012026
6112102020
71121120205
6112102200
71121022019
6112120002
71121210026
6112120020
71121200219
6112122000
71111202207
6112200012
71122100125
6112200021
72111021206
6112200201
72111021026
6112201020
71122110205
6112201200
72111021029
6112202010
71122120105
6112210002
72111122006
6112210020
71211122007
6112210200
71122102019
6112212000
71122120108
6112220001
71211202017
6112220010
71122200119
6112221000
71122211007
6120011202
71211102023
6120011220
71102122019
6120121002
71102210128
6120201012
71122011203
6120211002
71211122003
6120211020
71211120203
6120211200
71222110108
6120221010
71101220219
6121000122
71211002216
6121000212
71122011024
6121002102
71011022218
6121002120
71210121205
6121010202
71211102024
6121010220
71211100226
6121020102
71211202016
6121020210
71122211004
6121022100
71012211208
6121100022
71112021027
6121100202
71122011028
6121100220
71211102205
6121102002
71211120025
6121102020
71112021207
6121102200
71211022019
6121120002
71112201027
6121120200
71211212006
6121122000
71212211009
6121200012
71122011206
6121200102
71211022016
6121200210
71211020126
6121202010
71212011207
6121202100
71212021019
6121210002
71212101027
6121210020
71212121007
6121210200
71211120026
6121212000
71212121007
6121220010
71212211007
6121220100
71212201019
6122001210
71220112105
6122011200
71221112004
6122101002
71102012128
6122101020
71221110205
6122101200
71221012019
6122121000
71102212108
6122201010
71211020127
6122211000
71222110108
6201110202
72111102022
6201110220
71012102129
6201112200
71210102129
6210101022
71122012107
6210101202
72101112025
6210101220
71102012129
6210112002
71122112003
6210112020
71122110203
6210121020
71102210129
6210121200
71100212129
6210122001
71122211003
6211020120
72111221004
6211100202
72111102025
6211100220
71121010226
6211102200
72111122005
6211120020
71121210206
6211120200
71120211029
6211200102
71221012018
6211200120
72112101205
6211202100
71211002219
6211220100
72211211008
6212100021
72111022106
6212100201
72121102015
6212101020
72111022107
6212101200
72121112005
6212110002
72111102027
6212110020
72121110206
6212110200
72121112006
6212112000
72111102207
6212120001
72111202106
6212121000
72111202107
6212201100
71120011229
6221110020
71221110206
6221110200
71221110026
6221120010
71121220017
7011102122
80111221225
7011122102
82111221021
7011122120
82111221201
7101102221
81011222215
7101112022
81011122227
7101112202
81011122228
7101112220
81211122202
7101120221
81211202212
7101121202
81011212228
7101121220
81011212229
7101122012
81120211227
7101122201
81211222012
7101210212
81212102122
7101212210
81212122102
7101221120
81212211202
7110021212
82111202123
7110112022
81121120223
7110121022
81101212227
7110121202
81101212228
7110121220
81121212203
7110122021
81121220217
7110201212
81122012123
7110211022
81102112227
7110211202
81122112023
7110211220
81102112229
7110221012
81102212127
7110221210
81122212103
7112001122
81122011224
7112011220
82111102229
7112021102
81122211024
7112021120
81120211229
7112101022
81121012227
7112101202
81121212025
7112101220
81121212205
7112102021
81121220215
7112102201
81121022218
7112110022
81121122027
7112110202
81121122026
7112112020
81121122207
7112112200
81121122029
7112120021
81121220216
7112121002
81121212027
7112121020
81121212207
7112122001
81121220218
7112201102
81122011228
7112201120
81122211205
7112201210
81122212105
7112211020
82111122209
7112211200
81122112029
7112220011
82112221106
7112221010
82111222109
7112221100
81122211029
7120211012
82122111203
7121010212
81212102124
7121100221
81211202215
7121101202
81211012228
7121101220
81211212205
7121102012
81122011227
7121102201
81211222015
7121110022
81211102227
7121110202
81211102228
7121110220
81211102229
7121112002
81211122027
7121112020
81211120229
7121112200
81211122029
7121120012
81211220126
7121120201
81211222016
7121121200
81211212208
7121122010
81122211207
7121201120
81211022219
7121202101
81212221015
7121210012
81212102127
7121210210
81212122106
7121212010
81212122107
7121220101
81212221016
7121221100
81212211208
7122011210
81222112104
7122101201
81122022118
7122211010
82122111209
7211100212
81122012126
7211102102
82111221025
7211102120
82111221205
7211102210
81122012129
7211110202
81122112026
7211110220
82111102229
7211112200
82111122208
7211120210
82111202129
7211122100
82111221208
7211202110
82112221105
7212101210
82121012129
7212110021
82122111206
7212110201
82121122018
7212121010
82121212107
7212211100
82122111208
7221121100
82112221108
8011122122
91111221221
8101122221
91111222212
8101212212
91112122122
8110221212
91111222123
8112021122
91111222124
8112102221
91121122215
8112112220
91121122219
8112121022
91111222127
8112122021
91111222217
8112201212
91122112125
8112202211
91122122115
8112211202
91122112128
8112211220
92111121229
8121102221
91211122215
8121112022
91112121227
8121112202
91122111228
8121112220
91211122219
8121121202
91211212128
8121122012
91111222217
8121122201
91122211218
8121202121
91212121215
8121212210
91211122219
8122211210
91121122219
8211102122
92111121225
8211112220
91122111229
8211122120
91122211219
8211122210
91211212129
8212101212
92121112125
8212112201
91122112128
