0000000000
10000100005
1000010000
22000100001
1010000000
20100002007
1100000000
21200000002
2010000020
30101020004
2010000200
30121000004
2010020000
31100200001
2010200000
31000010209
2020010000
30100100208
2100000002
31000100025
2100002000
31010000207
2100020000
31010200003
2102000000
31120000002
2120000000
31002010008
2200010000
32100100002
2210000000
32011000007
3001100200
41000012029
3010010020
40102100204
3010010200
40100102029
3010020010
42100200101
3010100002
42101000021
3010102000
40121020003
3010120000
42101200001
3010210000
42102100001
3012100000
40121000208
3020101000
42201010003
3100001020
40011002209
3100001200
41000212005
3100010002
41020100023
3100012000
41000120208
3100020001
41200200012
3100021000
40011202009
3100201000
41002010208
3101000020
41012000206
3101000200
41210002002
3101020000
41010200208
3101200000
41212000002
3102010000
41022100004
3110000002
41102000024
3110000020
41100002207
3110000200
41100022006
3110002000
41100020029
3110020000
41100200029
3110200000
41102020006
3112000000
41120000208
3120000001
42210001003
3120001000
41202010004
3120010000
41022100007
3121000000
41210000208
3201000100
42210001004
3201100000
42211000002
3210000010
42100000129
3210010000
42100100208
3210100000
42121000003
4001100220
51012002109
4001120200
51010202109
4010010202
50121100024
4010010220
50121120004
4010102002
51100012207
4010102020
50101120205
4010120002
51101200021
4010122000
51102210003
4010202010
50102120105
4010210002
51102100021
4010210020
51102100201
4010210200
51102102001
4010212000
50102120108
4012100002
51121000021
4012100020
50121100205
4012100200
50121102005
4012102000
50101012208
4012120000
52100211009
4020121000
51100220109
4021100200
52101020018
4021200100
51212001001
4100001202
51000112025
4100001220
51000112205
4100012002
50011102208
4100012020
51100120202
4100021020
51012200107
4100021200
51100212002
4100201002
51102010022
4100201020
51002110205
4100201200
51002112005
4100221000
51102210002
4101000202
51010002128
4101000220
51011002204
4101020020
51110200202
4101020200
51110202002
4101200002
51012100025
4101200020
51012100205
4101200200
51012002108
4101202000
51012020108
4101220000
51011220006
4102000201
51020102015
4102001200
51120002104
4102010002
51100102024
4102010020
51100122004
4102010200
51120102002
4102012000
51100102204
4102200001
51122000012
4102201000
51022010108
4102210000
51200112008
4110000022
50111002206
4110000202
51100102025
4110000220
51100012206
4110002002
51100120025
4110002020
51112000203
4110002200
51112000023
4110020002
51110202003
4110020020
51110200203
4110020200
51021210008
4110022000
51011200207
4110200002
51211000027
4110200020
51112000203
4110200200
51102102005
4110202000
51211000207
4110220000
51112200003
4112000002
51120000128
4112000020
51121000204
4112000200
51121002004
4112002000
51011002207
4112020000
51120200108
4112200000
51122100005
4120000021
51102020014
4120001020
51102020104
4120001200
51122000104
4120010002
51012100027
4120010020
51200100219
4120012000
51212100003
4120020001
50112201006
4120021000
51200210108
4120200001
51210021003
4120201000
51211020003
4120210000
51212100003
4121000020
51210100205
4121000200
51211002004
4121020000
51211200004
4121200000
51210021009
4122010000
52211100006
4201020100
51010201029
4201100020
52011100205
4201100200
52011102005
4201120000
52110201007
4202101000
50101012028
4210000012
52101010024
4210002010
51201010029
4210010002
51020112007
4210010020
51002110029
4210010200
50121100026
4210012000
52101120004
4210020010
51021210007
4210100002
52101010026
4210102000
52111000207
4210120000
52101200019
4210210000
52201110008
4212000010
51021010027
4212010000
52121100004
4212100000
52121010006
4220101000
51221010003
4221000100
51010021029
4221100000
51012002109
5001110220
62011102201
5010101202
60101212025
5010101220
60101212205
5010112002
62101120021
5010112020
60121120207
5010121020
62101210201
5010121200
62101212001
5011100220
60111202205
5011120200
61102210026
5011200120
62112001201
5011220100
61100222019
5012110002
62121100021
5012110020
60121120206
5012110200
60121122008
5012112000
60121120208
5021110200
62211102001
5100011202
61000112228
5100011220
61020112203
5100211002
62011122003
5100211020
61002110229
5100211200
61202112002
5101000212
61210002122
5101002102
61210021022
5101002120
61010221205
5101010202
61010102228
5101010220
61210102202
5101020102
61210201022
5101020210
61012200126
5101022100
61210201204
5101100022
61011002227
5101100202
61011022026
5101100220
61011202205
5101102002
61211020022
5101102020
61211020202
5101102200
61011022208
5101120002
61211200022
5101120020
61011202207
5101120200
61011202029
5101122000
61011222007
5101200012
61212000122
5101200210
61212002102
5101202010
61012220105
5101210002
61012122006
5101210020
61212100202
5101210200
61012122006
5101212000
61012120208
5101220010
61012200129
5102001210
62121002019
5102011200
61220112002
5102101002
61021010228
5102101020
61221010202
5102121000
61221210002
5102201010
61220012107
5102211000
62011122009
5110000221
61100022216
5110001202
61100012228
5110001220
61102012204
5110002012
61120020123
5110002201
62112001023
5110010022
61120100223
5110010202
61120102023
5110010220
61120102203
5110012002
61100122027
5110012020
61102120204
5110012200
61102122004
5110020012
61100220126
5110020021
62110201203
5110020201
61100202218
5110021020
61100212207
5110021200
61100212029
5110022010
61102220104
5110102002
61101020228
5110102020
61101020229
5110120002
61121200023
5110122000
61101220208
5110200021
61102020216
5110200201
61102022016
5110201002
61102010228
5110201020
61122010203
5110201200
61102212005
5110202001
62112021003
5110202010
61102220105
5110210002
61102102027
5110210020
61102100229
5110210200
61122102003
5110212000
61102122007
5110220001
61102220016
5110221000
61122210003
5112000012
61122000124
5112000201
62112001026
5112000210
61120002129
5112001200
61120012208
5112002010
61120022107
5112010002
61120100228
5112010020
61120100229
5112010200
61122102004
5112012000
61122120004
5112020010
61122200104
5112100002
61121002027
5112100020
61121200205
5112100200
61121022006
5112102000
61121022007
5112120000
61121200029
5112200001
61122002017
5112200010
61122020106
5112201000
62111022009
5112210000
61122102007
5120011020
62211100203
5120011200
61200112029
5120021010
61022210107
5120101002
61221010023
5120121000
61122200107
5120201010
61202210105
5120211000
61202110208
5121000102
61210021026
5121000120
61210021206
5121000210
61210002129
5121002100
61210021029
5121010020
61212100204
5121010200
61210102029
5121020010
61210202107
5121020100
61210201208
5121100002
61211000228
5121100020
61211020206
5121100200
61211202005
5121102000
61211220005
5121120000
61211200208
5121200010
61212000129
5121200100
61212201005
5121210000
61212100029
5122101000
61221210005
5201110020
61020112209
5201110200
62011102208
5210021100
62211200104
5210101002
62101012027
5210101020
62101010229
5210101200
62121012003
5210102001
62121000217
5210110002
62121100023
5210112000
62101120208
5210120001
62101220018
5210121000
62101210208
5211000120
61120002219
5211020100
61120202019
5211100020
61120012209
5211100200
62111202005
5211120000
61122210006
5211200100
62112001029
5212100001
62122011006
5212101000
62121210005
5212110000
62121100029
5221100010
61222010106
5221110000
61220112009
6010112022
71101120221
6010121202
72121210108
6010121220
71102212109
6011120220
71111202201
6011220120
71112201201
6012110022
71102112027
6012110202
71121102021
6012112020
71102110227
6012112200
72101110228
6021110220
71012122109
6100211022
71102110222
6100211202
71102112022
6100211220
71011120223
6101002122
71010121225
6101020212
71120211026
6101022102
71011202218
6101022120
71110221202
6101102022
71110021227
6101102202
71120011228
6101102220
71011122205
6101120022
71111200222
6101120202
71111202022
6101120220
71111202202
6101122002
71111220022
6101122020
71012211209
6101122200
71011222019
6101200212
71112002122
6101202210
71211002219
6101210022
71112100222
6101210202
71112102022
6101210220
71112102202
6101212020
71112120202
6101212200
71012122108
6101220012
71211202017
6101220210
71011220126
6102011220
71122102019
6102101022
71112002127
6102121002
71121210022
6102121020
71121210202
6102211020
71122110202
6102211200
71120102219
6102221010
71121200219
6110002221
71100122215
6110012022
71101120224
6110012202
71021110228
6110012220
71121120204
6110020221
71121220014
6110021202
71101212024
6110021220
70111221029
6110022012
71112202103
6110022201
71112201023
6110102022
71111020223
6110122002
71111200227
6110122020
71101220219
6110200221
71102102215
6110201022
71211020127
6110201202
71102112025
6110201220
70111021229
6110202012
71112022103
6110202021
71212011207
6110202201
72112021108
6110210022
71112100223
6110210202
71221110028
6110210220
71112102203
6110212002
71102120128
6110212020
71112120203
6110212200
71102122019
6110220021
71212211007
6110220201
71110221023
6110221002
71211200127
6110221020
71111220203
6110221200
71111220023
6112000212
71121012024
6112000221
71120102215
6112001220
72111021029
6112002210
71221012019
6112010022
71011122027
6112010202
72111102026
6112010220
71120102219
6112012020
72112101209
6112012200
72112101029
6112020012
71011212027
6112022010
71011212207
6112100022
71111022027
6112100202
71121012026
6112102020
71121020219
6112102200
71121022019
6112120002
71111202027
6112120020
71121200219
6112122000
71121220019
6112200012
71122100125
6112200021
71211022017
6112200201
71221012018
6112201020
71122110205
6112201200
72111021029
6112202010
72112021109
6112210002
72111122006
6112210020
71122110206
6112210200
71122102019
6112212000
71211102207
6112220001
71211202017
6112220010
71122210106
6112221000
72111221009
6120011202
71122100124
6120011220
71122120104
6120121002
71211212003
6120201012
71202110125
6120211002
71211122003
6120211020
71102120219
6120211200
71222110108
6120221010
71101220219
6121000122
71211002216
6121000212
71122011024
6121002102
71112001224
6121002120
71112021204
6121010202
71210102128
6121010220
71210101229
6121020102
71011222018
6121020210
71011222019
6121022100
71212201019
6121100022
71211100225
6121100202
71211102025
6121100220
71211102205
6121102002
71211120025
6121102020
71112021207
6121102200
71122011208
6121120002
71211212006
6121120200
71122211008
6121122000
71212211009
6121200012
71212100125
6121200102
71212101025
6121200210
71011022219
6121202010
71212120105
6121202100
71212011208
6121210002
71212100128
6121210020
71210121209
6121210200
71210121029
6121212000
71212121007
6121220010
71012211209
6121220100
71212201019
6122001210
71122012104
6122011200
71220112108
6122101002
71112002127
6122101020
72112021109
6122101200
71221012019
6122121000
71112202107
6122201010
71121020219
6122211000
71222110108
6201110202
71120102126
6201110220
72111102202
6201112200
72111122002
6210101022
71122012107
6210101202
72121012108
6210101220
72101112205
6210112002
71120112207
6210112020
71202110129
6210121020
71102210129
6210121200
71100212129
6210122001
71122211003
6211020120
71011222019
6211100202
72111002128
6211100220
71121010226
6211102200
72111022108
6211120020
71121210206
6211120200
71120211029
6211200102
72112101025
6211200120
71121020216
6211202100
72112021108
6211220100
71011202219
6212100021
72121100215
6212100201
72111002128
6212101020
72111022107
6212101200
72121112005
6212110002
72101112028
6212110020
72121110206
6212110200
72121102019
6212112000
72101112208
6212120001
72111202106
6212121000
72111202107
6212201100
71120011229
6221110020
71221110206
6221110200
71012102129
6221120010
71121220017
7011102122
80111221225
7011122102
82111221021
7011122120
82111221201
7101102221
81011222215
7101112022
81211120222
7101112202
81011122228
7101112220
81011122229
7101120221
81211202212
7101121202
81011212228
7101121220
81211212202
7101122012
81120211227
7101122201
81211222012
7101210212
81012122126
7101212210
81212122102
7101221120
81011222219
7110021212
82111202123
7110112022
81121120223
7110121022
81101212227
7110121202
81121212023
7110121220
81101212229
7110122021
81121220217
7110201212
81122012123
7110211022
82111122203
7110211202
81102112228
7110211220
81122112203
7110221012
82111222103
7110221210
81102212129
7112001122
81122011224
7112011220
81122112204
7112021102
81122211024
7112021120
81122211204
7112101022
81121210225
7112101202
81121012228
7112101220
81121012229
7112102021
81121220215
7112102201
81121022218
7112110022
81121122027
7112110202
81121122026
7112112020
81121122207
7112112200
81121122029
7112120021
81121222017
7112121002
81121210228
7112121020
81121210229
7112122001
81121220218
7112201102
81122211025
7112201120
81122211205
7112201210
81122212105
7112211020
82111122209
7112211200
81122112208
7112220011
82112221106
7112221010
82111222109
7112221100
81122211208
7120211012
82122111203
7121010212
81212102124
7121100221
81211022216
7121101202
81211012228
7121101220
81211012229
7121102012
81211220125
7121102201
81211022218
7121110022
81211120226
7121110202
81211122026
7121110220
81211102229
7121112002
81211120228
7121112020
81211120229
7121112200
81211122029
7121120012
81211220126
7121120201
81211202218
7121121200
81211212208
7121122010
81211220129
7121201120
81212211205
7121202101
81212021218
7121210012
81212122106
7121210210
81212102129
7121212010
81212122107
7121220101
81212221016
7121221100
81211222019
7122011210
82121122019
7122101201
81221212015
7122211010
82122111209
7211100212
82111202125
7211102102
82111221025
7211102120
82111021229
7211102210
82111222105
7211110202
82111102228
7211110220
82111122206
7211112200
82111122208
7211120210
82111202129
7211122100
82111221029
7211202110
81122022119
7212101210
82121012129
7212110021
82122111206
7212110201
82121122018
7212121010
82121212107
7212211100
82121122019
7221121100
82112221108
8011122122
91111221221
8101122221
91111222212
8101212212
91112122122
8110221212
91111222123
8112021122
91111222124
8112102221
91121122215
8112112220
91121122219
8112121022
91111222127
8112122021
91111222217
8112201212
91122112125
8112202211
91122122115
8112211202
91122112128
8112211220
92111121229
8121102221
91211122215
8121112022
91112121227
8121112202
91122111228
8121112220
91211122219
8121121202
91211212128
8121122012
91111222217
8121122201
91122211218
8121202121
91212121215
8121212210
91211122219
8122211210
91121122219
8211102122
92111121225
8211112220
91122111229
8211122120
91122211219
8211122210
91211212129
8212101212
92121112125
8212112201
91122112128
