0000000000
10000100005
1000010000
22000100001
1010000000
20100000208
1100000000
21000200005
2010000020
30100100205
2010000200
31100002001
2010020000
31000210007
2010200000
31000010209
2020010000
31000120007
2100000002
30011002006
2100002000
31100000204
2100020000
31000200019
2102000000
31020100005
2120000000
31210000003
2200010000
32100100002
2210000000
30121000006
3001100200
40011202005
3010010020
40100102207
3010010200
42100102001
3010020010
40201210004
3010100002
42101000021
3010102000
40101020208
3010120000
42101200001
3010210000
40102100029
3012100000
40121000208
3020101000
40201210005
3100001020
41000210205
3100001200
41000012208
3100010002
41000120026
3100012000
41000120029
3100020001
41200200012
3100021000
41000212007
3100201000
41002012007
3101000020
41210000202
3101000200
41010202005
3101020000
41012200004
3101200000
41212000002
3102010000
41022100004
3110000002
41100000228
3110000020
41100020206
3110000200
41120002003
3110002000
41100220005
3110020000
41120200003
3110200000
41102000208
3112000000
41120200005
3120000001
41022000017
3120001000
42211000003
3120010000
41202100004
3121000000
41212000004
3201000100
42010201005
3201100000
41020012009
3210000010
42021010007
3210010000
42102100004
3210100000
42101000029
4001100220
51011002201
4001120200
50111202002
4010010202
52120100108
4010010220
51100100223
4010102002
50101120025
4010102020
51102010207
4010120002
51100212003
4010122000
51200210109
4010202010
50102120105
4010210002
52100120108
4010210020
51002110209
4010210200
52201110008
4010212000
51200110207
4012100002
52101012006
4012100020
50121100205
4012100200
50121102005
4012102000
52211000109
4012120000
51121200001
4020121000
51201210003
4021100200
50211102005
4021200100
51102000218
4100001202
51120000124
4100001220
51100012202
4100012002
51100100224
4100012020
51012100203
4100021020
51100210202
4100021200
51120200104
4100201002
52101020018
4100201020
51212000107
4100201200
51100002219
4100221000
51210200107
4101000202
51110002022
4101000220
51010021029
4101020020
51011200204
4101020200
51010201029
4101200002
51012100025
4101200020
51011020206
4101200200
51010021029
4101202000
51112020002
4101220000
51010221009
4102000201
51020102015
4102001200
51120002104
4102010002
51000112028
4102010020
52011100206
4102010200
51120102002
4102012000
51000112208
4102200001
51122000012
4102201000
51022110005
4102210000
51122100002
4110000022
51100100225
4110000202
51121000024
4110000220
51100012206
4110002002
51011000227
4110002020
51101020204
4110002200
51100022019
4110020002
50111202006
4110020020
51100210206
4110020200
51100212006
4110022000
51100220108
4110200002
51211000027
4110200020
51211020007
4110200200
51102002019
4110202000
51211000207
4110220000
51102200019
4112000002
52111002006
4112000020
52110001209
4112000200
51120002108
4112002000
51120120005
4112020000
51120200108
4112200000
51122000019
4120000021
51210001203
4120001020
51211000203
4120001200
51211000023
4120010002
51002110028
4120010020
51200110206
4120012000
51102100204
4120020001
50112201006
4120021000
50112201009
4120200001
51210021003
4120201000
51211020003
4120210000
51202100019
4121000020
51210001207
4121000200
51211000026
4121020000
51210200108
4121200000
51212100005
4122010000
52210101009
4201020100
51010201029
4201100020
52011100205
4201100200
51010002129
4201120000
52110201007
4202101000
52021110005
4210000012
51120002103
4210002010
52100120105
4210010002
51020112007
4210010020
52101120004
4210010200
51000112029
4210012000
52101120004
4210020010
50101212006
4210100002
51120012003
4210102000
51122010003
4210120000
52101200019
4210210000
50011102209
4212000010
52120100105
4212010000
52121100004
4212100000
52121100005
4220101000
51120020107
4221000100
52112001004
4221100000
51012002109
5001110220
60211102202
5010101202
60101012228
5010101220
60101012229
5010112002
60101120228
5010112020
62101120201
5010121020
60101212207
5010121200
60101212208
5011100220
61100012229
5011120200
62111202001
5011200120
60112201205
5011220100
61100222019
5012110002
60121102027
5012110020
60121122007
5012110200
62121102001
5012112000
60121122007
5021110200
60211102208
5100011202
61200112022
5100011220
61002112204
5100211002
61002112027
5100211020
61002110229
5100211200
61002112208
5101000212
61010202125
5101002102
61210001224
5101002120
61010021229
5101010202
61210102022
5101010220
61012102204
5101020102
61210201022
5101020210
61010202129
5101022100
61010221029
5101100022
61011002227
5101100202
61011022026
5101100220
61211002202
5101102002
61011022027
5101102020
61011020229
5101102200
61211022002
5101120002
61011202027
5101120020
61211200202
5101120200
61211202002
5101122000
61211220002
5101200012
61012002127
5101200210
61212002102
5101202010
61012220105
5101210002
61012122006
5101210020
61012100229
5101210200
61012122006
5101212000
61012122009
5101220010
61212200102
5102001210
62121002019
5102011200
61220112002
5102101002
61221010022
5102101020
61021010229
5102121000
61021210029
5102201010
61022210105
5102211000
62011122009
5110000221
61102002214
5110001202
61100212025
5110001220
61100212205
5110002012
61102020124
5110002201
61102022014
5110010022
61102100224
5110010202
61120102023
5110010220
61100102229
5110012002
61100122027
5110012020
61100120229
5110012200
61120122003
5110020012
61021210027
5110020021
60112201206
5110020201
61100222016
5110021020
61100212207
5110021200
61100212029
5110022010
61021210207
5110102002
61101220025
5110102020
61121020203
5110120002
61121200023
5110122000
61101220208
5110200021
61122000213
5110200201
61122002013
5110201002
61102010228
5110201020
61102012207
5110201200
61122012003
5110202001
61102020218
5110202010
61102020129
5110210002
61122100023
5110210020
61102102207
5110210200
61102102029
5110212000
61102120029
5110220001
61122200013
5110221000
61102210208
5112000012
61120200125
5112000201
62112001026
5112000210
61120202105
5112001200
61120212005
5112002010
61120022107
5112010002
61120102027
5112010020
61120100229
5112010200
61120122006
5112012000
61122120004
5112020010
61120220106
5112100002
61121020026
5112100020
61121022007
5112100200
61121022006
5112102000
61121020208
5112120000
61121220006
5112200001
61122002017
5112200010
61122200105
5112201000
61122010208
5112210000
61122120006
5120011020
61202110204
5120011200
61200112029
5120021010
61202210104
5120101002
61102020128
5120121000
61221210003
5120201010
61202010129
5120211000
61202110208
5121000102
61210021026
5121000120
61210001229
5121000210
61212002104
5121002100
61212021004
5121010020
61212100204
5121010200
61210102208
5121020010
61212200104
5121020100
61210201208
5121100002
61211200025
5121100020
61211020206
5121100200
61211202005
5121102000
61211220005
5121120000
61211202007
5121200010
61212002107
5121200100
61212001029
5121210000
61212100208
5122101000
61221010208
5201110020
62011102207
5201110200
62011102029
5210021100
62211200104
5210101002
62101012027
5210101020
62101010229
5210101200
62121012003
5210102001
62121000217
5210110002
62121100023
5210112000
62101120029
5210120001
62101220018
5210121000
62101212007
5211000120
62112001204
5211020100
61122200016
5211100020
61122010206
5211100200
62111002208
5211120000
61122210006
5211200100
62112001208
5212100001
62121200015
5212101000
62121012007
5212110000
62121120006
5221100010
61220012109
5221110000
61222110006
6010112022
71101120221
6010121202
71101212021
6010121220
71101212201
6011120220
71011220129
6011220120
71012211209
6012110022
72101112206
6012110202
72101112028
6012112020
71121120201
6012112200
72101110228
6021110220
71102120126
6100211022
71102110222
6100211202
71011122023
6100211220
71102102219
6101002122
71010121225
6101020212
71110202122
6101022102
71011202218
6101022120
71110221202
6101102022
71111020222
6101102202
71120011228
6101102220
71011122205
6101120022
71110221027
6101120202
71111202022
6101120220
71011202219
6101122002
71011220128
6101122020
71012211209
6101122200
71111222002
6101200212
71120011226
6101202210
71112022102
6101210022
71112100222
6101210202
71112102022
6101210220
71112102202
6101212020
71210121209
6101212200
71210101229
6101220012
71211202017
6101220210
71011202219
6102011220
71122102019
6102101022
71112002127
6102121002
71121210022
6102121020
71122200119
6102211020
71122100219
6102211200
71220112108
6102221010
71211200127
6110002221
71112001223
6110012022
71101120224
6110012202
71112102023
6110012220
71121120204
6110020221
71121220014
6110021202
71100212128
6110021220
71101212204
6110022012
71101210224
6110022201
71112201023
6110102022
71101120225
6110122002
71111220023
6110122020
71111220203
6110200221
71110021223
6110201022
71102110225
6110201202
71111022023
6110201220
71111020223
6110202012
71102120125
6110202021
71102120215
6110202201
71112021023
6110210022
71102110226
6110210202
71102112026
6110210220
71102102219
6110212002
71211100227
6110212020
71112120203
6110212200
71112122003
6110220021
70111221206
6110220201
72211211008
6110221002
71102210128
6110221020
70111221209
6110221200
70111221029
6112000212
72111002126
6112000221
71121022014
6112001220
71121012204
6112002210
71120122105
6112010022
71011122027
6112010202
72111102026
6112010220
71120102219
6112012020
71121120204
6112012200
71120122108
6112020012
71101212024
6112022010
72211211009
6112100022
71121100225
6112100202
71121012026
6112102020
71121020219
6112102200
71121122005
6112120002
71121210026
6112120020
71121200219
6112122000
71121220019
6112200012
71122100125
6112200021
71122100215
6112200201
71221012018
6112201020
72111021209
6112201200
71122012108
6112202010
71122120105
6112210002
71211102027
6112210020
71211122007
6112210200
71122112006
6112212000
71122120108
6112220001
71211202017
6112220010
71211212007
6112221000
71122211007
6120011202
72121100218
6120011220
71102122019
6120121002
71102210128
6120201012
71122011203
6120211002
71202110128
6120211020
71211120203
6120211200
71222110108
6120221010
71211220103
6121000122
71211002216
6121000212
71210102125
6121002102
71112001224
6121002120
71210121205
6121010202
71210102128
6121010220
71210101229
6121020102
71211202016
6121020210
71122211004
6121022100
71212201019
6121100022
71211100225
6121100202
71211012026
6121100220
71211002219
6121102002
71211020128
6121102020
71211120205
6121102200
71211022019
6121120002
71211200128
6121120200
71122211008
6121122000
71212211009
6121200012
71212100125
6121200102
71211022016
6121200210
71211020126
6121202010
71212120105
6121202100
71212121005
6121210002
71212100128
6121210020
71210121209
6121210200
71211120026
6121212000
71212121007
6121220010
71212211007
6121220100
71212201019
6122001210
71220112105
6122011200
71220112108
6122101002
71102012128
6122101020
71112022107
6122101200
71122012108
6122121000
72211211009
6122201010
71222110105
6122211000
71212102107
6201110202
72121102018
6201110220
72111102202
6201112200
71210102129
6210101022
72101110225
6210101202
72121012108
6210101220
71121010223
6210112002
71122112003
6210112020
71122110203
6210121020
71122210107
6210121200
71100212129
6210122001
71122211003
6211020120
71121200216
6211100202
71121012026
6211100220
71121010226
6211102200
72111122005
6211120020
71120211209
6211120200
71121210026
6211200102
71121022016
6211200120
71121020216
6211202100
72112121005
6211220100
71011202219
6212100021
72111022106
6212100201
72111002128
6212101020
72111022107
6212101200
72121012108
6212110002
72101112028
6212110020
72121100219
6212110200
72121112006
6212112000
72111102207
6212120001
71100212128
6212121000
72121210108
6212201100
71120011229
6221110020
71221110206
6221110200
71221110026
6221120010
71102212106
7011102122
80111221225
7011122102
82111221021
7011122120
80111221229
7101102221
81211022212
7101112022
81011122227
7101112202
81211122022
7101112220
81011122229
7101120221
81011222216
7101121202
81211212022
7101121220
81011212229
7101122012
81120211227
7101122201
81211222012
7101210212
81012122126
7101212210
81212122102
7101221120
81212211202
7110021212
82111202123
7110112022
81121120223
7110121022
81101212227
7110121202
81121212023
7110121220
81101212229
7110122021
81121220217
7110201212
81122012123
7110211022
82111122203
7110211202
81122112023
7110211220
81122112203
7110221012
82111222103
7110221210
81122212103
7112001122
81122011224
7112011220
82111102229
7112021102
81122211024
7112021120
81122211204
7112101022
81121012227
7112101202
81121212025
7112101220
81121012229
7112102021
81121022217
7112102201
81121222015
7112110022
81121120226
7112110202
81121122026
7112112020
81121122207
7112112200
81121122208
7112120021
81121222017
7112121002
81121212027
7112121020
81121212207
7112122001
81121220218
7112201102
81122211025
7112201120
81122011229
7112201210
81122212105
7112211020
82111122209
7112211200
81122112208
7112220011
82112221106
7112221010
82111222109
7112221100
81122211208
7120211012
82122111203
7121010212
81212102124
7121100221
81211202215
7121101202
81211212025
7121101220
81211012229
7121102012
81122011227
7121102201
81211222015
7121110022
81211120226
7121110202
81211102228
7121110220
81211122206
7121112002
81211120228
7121112020
81211122207
7121112200
81211122208
7121120012
81211220126
7121120201
81211202218
7121121200
81211212208
7121122010
81122211207
7121201120
81211022219
7121202101
81212221015
7121210012
81212122106
7121210210
81212102129
7121212010
81212122107
7121220101
81212221016
7121221100
81212211208
7122011210
81222112104
7122101201
81122022118
7122211010
82122111209
7211100212
82111202125
7211102102
82111021228
7211102120
82111021229
7211102210
81122012129
7211110202
81122112026
7211110220
82111102229
7211112200
81122112029
7211120210
82111202129
7211122100
82111221029
7211202110
82112221105
7212101210
82121012129
7212110021
82121122017
7212110201
82121122018
7212121010
82121212107
7212211100
82121122019
7221121100
82112221108
8011122122
91111221221
8101122221
91111222212
8101212212
91112122122
8110221212
91111222123
8112021122
91111222124
8112102221
91121122215
8112112220
91121122219
8112121022
91111222127
8112122021
91111222217
8112201212
91122112125
8112202211
91122122115
8112211202
91122112128
8112211220
92111121229
8121102221
91211122215
8121112022
91112121227
8121112202
91122111228
8121112220
91211122219
8121121202
91211212128
8121122012
91111222217
8121122201
91122211218
8121202121
91212121215
8121212210
91211122219
8122211210
91121122219
8211102122
92111121225
8211112220
91122111229
8211122120
91122211219
8211122210
91211212129
8212101212
92121112125
8212112201
91122112128
