0000000000
10000100005
1000010000
22000100001
1010000000
20100002007
1100000000
21000200005
2010000020
31100000201
2010000200
31000012009
2010020000
31000210007
2010200000
31100020003
2020010000
31200100001
2100000002
31010002003
2100002000
31000010208
2100020000
31100200002
2102000000
32010001009
2120000000
31200000019
2200010000
32100100002
2210000000
30121000006
3001100200
40011002208
3010010020
40102100204
3010010200
40100102208
3010020010
42100200101
3010100002
40121000027
3010102000
40101020029
3010120000
40101200029
3010210000
40102100208
3012100000
40121000029
3020101000
42201010003
3100001020
41200010202
3100001200
41200012002
3100010002
41020100023
3100012000
41200100204
3100020001
41200200012
3100021000
41000210208
3100201000
41002010029
3101000020
41010200205
3101000200
41010002029
3101020000
41012200004
3101200000
41012020006
3102010000
41020100029
3110000002
41120000023
3110000020
41102000204
3110000200
41100022006
3110002000
41100220005
3110020000
41120200003
3110200000
41122000003
3112000000
41120000208
3120000001
40212001006
3120001000
40211002009
3120010000
41200120006
3121000000
41210002007
3201000100
41022000018
3201100000
41020012009
3210000010
42021010007
3210010000
42100102007
3210100000
42101200005
4001100220
51100020126
4001120200
51011202001
4010010202
50121100024
4010010220
50121120004
4010102002
51101020021
4010102020
50101120205
4010120002
51100212003
4010122000
51102210003
4010202010
51102020101
4010210002
50121100206
4010210020
51202110007
4010210200
52201110008
4010212000
50102120108
4012100002
52101012006
4012100020
51102010027
4012100200
51020012109
4012102000
50101012208
4012120000
52101210006
4020121000
50101210208
4021100200
52101020018
4021200100
51212001001
4100001202
51100012022
4100001220
51100012202
4100012002
50011102208
4100012020
51100120202
4100021020
51011200203
4100021200
51120200104
4100201002
51102010022
4100201020
51011020203
4100201200
51002112005
4100221000
51100200219
4101000202
51010002128
4101000220
51011000226
4101020020
51110200202
4101020200
51010202108
4101200002
51012000128
4101200020
51011020206
4101200200
51010021029
4101202000
51012120005
4101220000
51012200108
4102000201
51020102015
4102001200
51120002104
4102010002
51120100022
4102010020
51120100202
4102010200
51020102019
4102012000
51010102207
4102200001
51100022018
4102201000
52110001209
4102210000
51122100002
4110000022
51011020027
4110000202
51121000024
4110000220
51100102205
4110002002
51101020024
4110002020
51011020207
4110002200
51100122005
4110020002
51101200024
4110020020
51100210206
4110020200
51021210008
4110022000
51112200003
4110200002
51211000027
4110200020
51102010206
4110200200
51221010008
4110202000
51211000207
4110220000
51112200003
4112000002
51120000128
4112000020
52111000206
4112000200
51120002019
4112002000
51120020108
4112020000
52110201009
4112200000
51122010006
4120000021
51210001203
4120001020
51102020019
4120001200
51022010108
4120010002
51002110028
4120010020
51012120007
4120012000
51102100204
4120020001
51100200218
4120021000
51201210004
4120200001
50112001206
4120201000
51202010108
4120210000
51202100019
4121000020
51211000204
4121000200
51211000026
4121020000
51210201007
4121200000
51212001007
4122010000
51102102004
4201020100
51010201029
4201100020
51021010206
4201100200
52011102005
4201120000
52111200002
4202101000
52121010002
4210000012
51120002103
4210002010
52100120105
4210010002
51020112007
4210010020
51022110007
4210010200
52021110008
4210012000
50211102009
4210020010
50101212006
4210100002
52101010026
4210102000
52101120005
4210120000
52101210006
4210210000
50121120006
4212000010
51021010027
4212010000
52121100004
4212100000
52121010006
4220101000
52201110005
4221000100
51100002218
4221100000
51012002109
5001110220
61000112229
5010101202
60101012228
5010101220
60101212205
5010112002
60121120023
5010112020
60101120229
5010121020
62101210201
5010121200
60101212029
5011100220
60111202205
5011120200
62111202001
5011200120
61100022219
5011220100
61100222019
5012110002
60121120026
5012110020
62121100201
5012110200
60121102029
5012112000
60121120029
5021110200
60211102208
5100011202
61000112228
5100011220
61000112229
5100211002
61002110228
5100211020
61002112207
5100211200
61002112029
5101000212
61210002122
5101002102
61010221025
5101002120
61210021202
5101010202
61210102022
5101010220
61010102229
5101020102
61010221026
5101020210
61012200126
5101022100
61010221208
5101100022
61011200225
5101100202
61011002228
5101100220
61011002229
5101102002
61011022027
5101102020
61011020229
5101102200
61011022208
5101120002
61011202027
5101120020
61011200229
5101120200
61211202002
5101122000
61011220208
5101200012
61012002127
5101200210
61012002129
5101202010
61212020102
5101210002
61012122006
5101210020
61012102207
5101210200
61012102208
5101212000
61212120002
5101220010
61012202107
5102001210
61020212105
5102011200
62011102029
5102101002
61021010228
5102101020
61021010229
5102121000
61221210002
5102201010
61022210105
5102211000
61222110002
5110000221
61120002213
5110001202
61100212025
5110001220
61100212205
5110002012
61120020123
5110002201
62112001023
5110010022
61100120226
5110010202
61100102228
5110010220
61100102229
5110012002
61102120024
5110012020
61100122207
5110012200
61120122003
5110020012
61021210027
5110020021
60112201206
5110020201
61100202218
5110021020
61102210204
5110021200
61100212029
5110022010
61102220104
5110102002
61121020023
5110102020
61121020203
5110120002
61101220026
5110122000
61121220003
5110200021
61102020216
5110200201
61102002218
5110201002
61102012027
5110201020
61102012207
5110201200
61122012003
5110202001
62112021003
5110202010
61122020103
5110210002
61102100228
5110210020
61102102207
5110210200
61122102003
5110212000
61102120208
5110220001
61102202017
5110221000
61102210029
5112000012
61120020126
5112000201
61122002014
5112000210
61221012004
5112001200
61120212005
5112002010
61120022107
5112010002
61120120026
5112010020
61120100229
5112010200
61120102029
5112012000
61122120004
5112020010
61120220106
5112100002
61121200025
5112100020
61121020206
5112100200
61121022006
5112102000
61121020029
5112120000
61121220006
5112200001
61122002017
5112200010
61122200105
5112201000
61122010208
5112210000
61122120006
5120011020
61202110204
5120011200
61202112004
5120021010
61022210107
5120101002
61102020128
5120121000
61102220108
5120201010
61202210105
5120211000
61202112007
5121000102
61210001228
5121000120
61210001229
5121000210
61212000126
5121002100
61210021029
5121010020
61212100204
5121010200
61210102029
5121020010
61212200104
5121020100
61210221006
5121100002
61211200025
5121100020
61211200205
5121100200
61211202005
5121102000
61211020029
5121120000
61211200029
5121200010
61212002107
5121200100
61212001029
5121210000
61212100208
5122101000
61221012007
5201110020
61020112209
5201110200
62011102208
5210021100
62211200104
5210101002
62101210025
5210101020
62101210205
5210101200
62121012003
5210102001
61202010128
5210110002
62101120026
5210112000
62101120208
5210120001
62121200017
5210121000
62121210003
5211000120
61122000216
5211020100
61120202019
5211100020
61122010206
5211100200
62111022006
5211120000
61120212009
5211200100
62112001029
5212100001
62122011006
5212101000
62121210005
5212110000
62121100208
5221100010
61220012109
5221110000
62211102007
6010112022
71101120221
6010121202
71101212021
6010121220
71102212109
6011120220
71011220129
6011220120
71012211209
6012110022
71121100221
6012110202
72101112028
6012112020
71222110109
6012112200
72101110228
6021110220
71012122109
6100211022
71011122203
6100211202
72122111008
6100211220
71011120223
6101002122
71110021222
6101020212
71110202122
6101022102
71011202218
6101022120
71110221202
6101102022
71011120225
6101102202
71120011228
6101102220
71111022202
6101120022
71011212206
6101120202
71111202022
6101120220
71111202202
6101122002
71011220128
6101122020
71110221207
6101122200
71011222019
6101200212
71012102125
6101202210
71211002219
6101210022
71011122206
6101210202
71011122026
6101210220
71010121229
6101212020
71112120202
6101212200
71112122002
6101220012
71211202017
6101220210
71112202102
6102011220
71122102019
6102101022
71121010222
6102121002
71110202127
6102121020
71121210202
6102211020
71122110202
6102211200
71120102219
6102221010
71121200219
6110002221
71112001223
6110012022
71112102203
6110012202
71021110228
6110012220
71100122219
6110020221
71121220014
6110021202
71111202023
6110021220
71111200223
6110022012
71112202103
6110022201
71121200214
6110102022
71111020223
6110122002
71101210228
6110122020
71111220203
6110200221
70111021226
6110201022
71102110225
6110201202
71111022023
6110201220
70111021229
6110202012
71112022103
6110202021
71112021203
6110202201
72112021108
6110210022
71211120027
6110210202
71112102023
6110210220
71102112206
6110212002
71102120128
6110212020
71102120219
6110212200
71221110208
6110220021
71212211007
6110220201
72211211008
6110221002
71102210128
6110221020
71211220107
6110221200
71111220023
6112000212
72111002126
6112000221
71120102215
6112001220
71121012204
6112002210
71121012204
6112010022
71011122027
6112010202
72111102026
6112010220
71121122004
6112012020
71121120204
6112012200
71121122004
6112020012
72111202106
6112022010
71011212207
6112100022
71121100225
6112100202
71121102025
6112102020
71121120205
6112102200
71121012208
6112120002
71121210026
6112120020
71121200219
6112122000
71111202207
6112200012
72111022106
6112200021
72111021206
6112200201
72111021026
6112201020
71122110205
6112201200
71122012108
6112202010
72112021109
6112210002
71211102027
6112210020
71122100219
6112210200
71122112006
6112212000
71211102207
6112220001
71122200118
6112220010
71122210106
6112221000
71122210108
6120011202
71122100124
6120011220
71211100223
6120121002
71211212003
6120201012
71122011203
6120211002
71212100127
6120211020
71212120107
6120211200
71100122219
6120221010
71211220103
6121000122
71210101225
6121000212
71122011024
6121002102
71112001224
6121002120
71112021204
6121010202
71211102024
6121010220
71210101229
6121020102
71211202016
6121020210
71011222019
6121022100
71012211208
6121100022
71211100225
6121100202
71122011028
6121100220
71211002219
6121102002
71112001227
6121102020
71212011209
6121102200
71211022019
6121120002
71112201027
6121120200
71211212006
6121122000
71211220108
6121200012
71122011206
6121200102
71211022016
6121200210
71011022219
6121202010
71212120105
6121202100
71212011208
6121210002
71211122006
6121210020
71212121007
6121210200
71212102108
6121212000
71212120108
6121220010
71211220106
6121220100
71212211006
6122001210
71121022019
6122011200
72112101029
6122101002
71112002127
6122101020
72112021109
6122101200
71122012108
6122121000
71112202107
6122201010
71121020219
6122211000
71222110108
6201110202
71120102126
6201110220
71012102129
6201112200
72111122002
6210101022
71122012107
6210101202
72121012108
6210101220
71121010223
6210112002
72101110228
6210112020
71122110203
6210121020
71122210107
6210121200
71100212129
6210122001
71102210128
6211020120
72111221004
6211100202
72111002128
6211100220
71121010226
6211102200
72111022108
6211120020
71120211209
6211120200
71121210026
6211200102
71221012018
6211200120
71121020216
6211202100
72112121005
6211220100
71011202219
6212100021
72111022106
6212100201
72121102015
6212101020
72121110205
6212101200
72121112005
6212110002
72101112028
6212110020
72121100219
6212110200
72121112006
6212112000
72122111009
6212120001
71100212128
6212121000
72121210108
6212201100
72122111005
6221110020
72112121007
6221110200
71012102129
6221120010
71102212106
7011102122
82111021221
7011122102
80111221228
7011122120
80111221229
7101102221
81211022212
7101112022
81211120222
7101112202
81011122228
7101112220
81011122229
7101120221
81011222216
7101121202
81011212228
7101121220
81211212202
7101122012
81120211227
7101122201
81211222012
7101210212
81212102122
7101212210
81212122102
7101221120
81011222219
7110021212
81102212124
7110112022
81121120223
7110121022
81101212227
7110121202
81101212228
7110121220
81101212229
7110122021
81121220217
7110201212
81102212125
7110211022
82111122203
7110211202
81122112023
7110211220
81102112229
7110221012
81102212127
7110221210
81102212129
7112001122
81120211225
7112011220
82111102229
7112021102
81120211228
7112021120
81120211229
7112101022
81121210225
7112101202
81121212025
7112101220
81121212205
7112102021
81121022217
7112102201
81121022218
7112110022
81121122027
7112110202
81121122026
7112112020
81121120229
7112112200
81121122208
7112120021
81121220216
7112121002
81121212027
7112121020
81121212207
7112122001
81121220218
7112201102
81122211025
7112201120
81122211205
7112201210
81122212105
7112211020
81122112207
7112211200
81122112208
7112220011
82112221106
7112221010
82111222109
7112221100
81122211029
7120211012
82122111203
7121010212
81212102124
7121100221
81211202215
7121101202
81211012228
7121101220
81211212205
7121102012
81122011227
7121102201
81211022218
7121110022
81211102227
7121110202
81211102228
7121110220
81211122206
7121112002
81211122027
7121112020
81211122207
7121112200
81211122208
7121120012
81211220126
7121120201
81211222016
7121121200
81211212208
7121122010
81122211207
7121201120
81211022219
7121202101
81212221015
7121210012
81212122106
7121210210
81212102129
7121212010
81212122107
7121220101
81212221016
7121221100
81211222019
7122011210
81222112104
7122101201
81221212015
7122211010
81222112107
7211100212
82111202125
7211102102
82111221025
7211102120
82111221205
7211102210
82111222105
7211110202
82111102228
7211110220
82111102229
7211112200
81122112029
7211120210
82111202129
7211122100
82111221029
7211202110
82112221105
7212101210
82121212105
7212110021
82122111206
7212110201
82121122018
7212121010
82121212107
7212211100
82121122019
7221121100
82112221108
8011122122
91111221221
8101122221
91111222212
8101212212
91112122122
8110221212
91111222123
8112021122
91111222124
8112102221
91121122215
8112112220
91121122219
8112121022
91111222127
8112122021
91111222217
8112201212
91122112125
8112202211
91122122115
8112211202
91122112128
8112211220
92111121229
8121102221
91211122215
8121112022
91112121227
8121112202
91122111228
8121112220
91211122219
8121121202
91211212128
8121122012
91111222217
8121122201
91122211218
8121202121
91212121215
8121212210
91211122219
8122211210
91121122219
8211102122
92111121225
8211112220
91122111229
8211122120
91122211219
8211122210
91211212129
8212101212
92121112125
8212112201
91122112128
