0000000000
10000100005
1000010000
22000100001
1010000000
20100200005
1100000000
21020000003
2010000020
31002010007
2010000200
31100002001
2010020000
31000210007
2010200000
31200010007
2020010000
31200100001
2100000002
30011002006
2100002000
31012000003
2100020000
31000210006
2102000000
32011000006
2120000000
31012000007
2200010000
31020100003
2210000000
32011000007
3001100200
40011202005
3010010020
40102100204
3010010200
42100100023
3010020010
42100200101
3010100002
42101000021
3010102000
40101020208
3010120000
40101200029
3010210000
42100120003
3012100000
40121000029
3020101000
42100020109
3100001020
41000012207
3100001200
41000212005
3100010002
41020100023
3100012000
41000120208
3100020001
42010201003
3100021000
41000212007
3100201000
41002010208
3101000020
41012000206
3101000200
41010202005
3101020000
41012200004
3101200000
41012200005
3102010000
41020100029
3110000002
41120000023
3110000020
41100200205
3110000200
41100002208
3110002000
41100020208
3110020000
41100202007
3110200000
41102002007
3112000000
41120002007
3120000001
41200000218
3120001000
41202010004
3120010000
41202100004
3121000000
41210000208
3201000100
41020002019
3201100000
42011000208
3210000010
42021010007
3210010000
42102100004
3210100000
42101000029
4001100220
51100020126
4001120200
50111202002
4010010202
52120100108
4010010220
51002112009
4010102002
51102012003
4010102020
51102010207
4010120002
50101212006
4010122000
51200210109
4010202010
50102120105
4010210002
51100122003
4010210020
51100120203
4010210200
51100120023
4010212000
50102120108
4012100002
51100012027
4012100020
51102010027
4012100200
51020012109
4012102000
51121020001
4012120000
52100211009
4020121000
51100220109
4021100200
51211002001
4021200100
51212001001
4100001202
51100012022
4100001220
51000112205
4100012002
51012102003
4100012020
51100120202
4100021020
51011200203
4100021200
51011200023
4100201002
51002110025
4100201020
51212000107
4100201200
51002112005
4100221000
51100200219
4101000202
51010102025
4101000220
51010021029
4101020020
51010221007
4101020200
51010201029
4101200002
51012100025
4101200020
51210021007
4101200200
51010021029
4101202000
51210001209
4101220000
51011220006
4102000201
51020102015
4102001200
51120002019
4102010002
52011102006
4102010020
51012100027
4102010200
51020112006
4102012000
51010102207
4102200001
51100022018
4102201000
51122010002
4102210000
51022100019
4110000022
51011020027
4110000202
51021010028
4110000220
51100012206
4110002002
51011000227
4110002020
51011020207
4110002200
51100022019
4110020002
51011200027
4110020020
51100200219
4110020200
51100212006
4110022000
51100220108
4110200002
51102100025
4110200020
51102010206
4110200200
51102002019
4110202000
51102120005
4110220000
51102200019
4112000002
51120100025
4112000020
52111000206
4112000200
51120002019
4112002000
51121020004
4112020000
51120200108
4112200000
51211002007
4120000021
51200100215
4120001020
51102020019
4120001200
51200112005
4120010002
51102100024
4120010020
51200100219
4120012000
51212100003
4120020001
51100200218
4120021000
51200210108
4120200001
51202100015
4120201000
51212000107
4120210000
51202110006
4121000020
51210001207
4121000200
51211000026
4121020000
51210201007
4121200000
51212100005
4122010000
51102102004
4201020100
52110201004
4201100020
51122000017
4201100200
51021010026
4201120000
52100211008
4202101000
52021110005
4210000012
52100100125
4210002010
52100120105
4210010002
51120102003
4210010020
51002110029
4210010200
51000112029
4210012000
52011100207
4210020010
50101212006
4210100002
51120012003
4210102000
52101020019
4210120000
52101200019
4210210000
50011102209
4212000010
52120100105
4212010000
52120100108
4212100000
52101012008
4220101000
51120020107
4221000100
52210101005
4221100000
52211100005
5001110220
61002110226
5010101202
62101012021
5010101220
62101012201
5010112002
62101120021
5010112020
60121120207
5010121020
62101210201
5010121200
60101212029
5011100220
61102010226
5011120200
61100212029
5011200120
61100022219
5011220100
61100222019
5012110002
60121102027
5012110020
60121122007
5012110200
62121102001
5012112000
60121122007
5021110200
60211102208
5100011202
61000112228
5100011220
61000112229
5100211002
61002112027
5100211020
61002112207
5100211200
61022112003
5101000212
61210002122
5101002102
61210021022
5101002120
61010221205
5101010202
61010102228
5101010220
61010102229
5101020102
61010221026
5101020210
61012202104
5101022100
61010221029
5101100022
61011200225
5101100202
61011002228
5101100220
61011202205
5101102002
61011020228
5101102020
61011020229
5101102200
61011222005
5101120002
61011202027
5101120020
61011202207
5101120200
61011222006
5101122000
61211220002
5101200012
61212000122
5101200210
61012022106
5101202010
61212020102
5101210002
61012102027
5101210020
61012100229
5101210200
61012102208
5101212000
61012122009
5101220010
61012220106
5102001210
62121002019
5102011200
61220112002
5102101002
61221010022
5102101020
61021210205
5102121000
61021210208
5102201010
61022210105
5102211000
61222110002
5110000221
61102002214
5110001202
61100012228
5110001220
61102012204
5110002012
61100220125
5110002201
61100022218
5110010022
61100102227
5110010202
61102102024
5110010220
61100122206
5110012002
61120120023
5110012020
61100122207
5110012200
61100122029
5110020012
61120200123
5110020021
62110201203
5110020201
61100202218
5110021020
62111200203
5110021200
61102212004
5110022010
61100220129
5110102002
61101020228
5110102020
61101220205
5110120002
61121200023
5110122000
61101220029
5110200021
61122000213
5110200201
61102002218
5110201002
61102012027
5110201020
61102012207
5110201200
61102012029
5110202001
62112021003
5110202010
61221010207
5110210002
61102120026
5110210020
61102120206
5110210200
61122102003
5110212000
61102122007
5110220001
61102200218
5110221000
61102210029
5112000012
61120200125
5112000201
62112001026
5112000210
61120022106
5112001200
61120012208
5112002010
61122020104
5112010002
61122100024
5112010020
61120102207
5112010200
61120102029
5112012000
61120120208
5112020010
61120200129
5112100002
61121000228
5112100020
61121200205
5112100200
61121202005
5112102000
61121020029
5112120000
61121202007
5112200001
62112021006
5112200010
61122000129
5112201000
61122210005
5112210000
61122100208
5120011020
61202110204
5120011200
61200112208
5120021010
62211200103
5120101002
61122000127
5120121000
61221210003
5120201010
61202210105
5120211000
61202110208
5121000102
61210021026
5121000120
61212021004
5121000210
61212000126
5121002100
61210221005
5121010020
61210102207
5121010200
61212102004
5121020010
61212200104
5121020100
61210221006
5121100002
61211020026
5121100020
61211002207
5121100200
61211002029
5121102000
61211022007
5121120000
61211202007
5121200010
61212200105
5121200100
61212021006
5121210000
61212120006
5122101000
61221012007
5201110020
61022110206
5201110200
62011122006
5210021100
62211200104
5210101002
62101012027
5210101020
62121010203
5210101200
62121012003
5210102001
62121000217
5210110002
62121100023
5210112000
62121100207
5210120001
62121200017
5210121000
62101210029
5211000120
61122000216
5211020100
61120202019
5211100020
61122010206
5211100200
62111002208
5211120000
61122210006
5211200100
62112001208
5212100001
62122011006
5212101000
62121012007
5212110000
62121100029
5221100010
61222010106
5221110000
61222110006
6010112022
71102112207
6010121202
71101212021
6010121220
71102212109
6011120220
71111202201
6011220120
71112201201
6012110022
71102112027
6012110202
71121102021
6012112020
71222110109
6012112200
71220112109
6021110220
71102120126
6100211022
71102110222
6100211202
72122111008
6100211220
71011120223
6101002122
71010121225
6101020212
71120211026
6101022102
71011202218
6101022120
71110221202
6101102022
71111020222
6101102202
71011122025
6101102220
71111022202
6101120022
71111200222
6101120202
71111202022
6101120220
71011202219
6101122002
71111220022
6101122020
71111220202
6101122200
71011222019
6101200212
71112002122
6101202210
71112022102
6101210022
71112100222
6101210202
71012102128
6101210220
71010121229
6101212020
71210121209
6101212200
71112122002
6101220012
71211202017
6101220210
71011220126
6102011220
71120112202
6102101022
71121010222
6102121002
71121210022
6102121020
71121210202
6102211020
71212100127
6102211200
71220112108
6102221010
71122210102
6110002221
71112001223
6110012022
71101120224
6110012202
71021110228
6110012220
71100122219
6110020221
70111221026
6110021202
71100212128
6110021220
71111200223
6110022012
71011212207
6110022201
71122200118
6110102022
71101120225
6110122002
71111200227
6110122020
71111220203
6110200221
71110021223
6110201022
71102110225
6110201202
71111022023
6110201220
71111020223
6110202012
71211012207
6110202021
71102120215
6110202201
71102122015
6110210022
71102110226
6110210202
71102112026
6110210220
71112102203
6110212002
71102120128
6110212020
71211120207
6110212200
71102122019
6110220021
71212211007
6110220201
71110221023
6110221002
71211200127
6110221020
71111220203
6110221200
70111221029
6112000212
71121012024
6112000221
71121022014
6112001220
72111021029
6112002210
71120122105
6112010022
72111102206
6112010202
72111102026
6112010220
71121122004
6112012020
71011122207
6112012200
72112101029
6112020012
72111202106
6112022010
71101212204
6112100022
71121100225
6112100202
71121012026
6112102020
71121020219
6112102200
71121022019
6112120002
71121210026
6112120020
71111222007
6112122000
71111202207
6112200012
71122100125
6112200021
71122100215
6112200201
71221012018
6112201020
71122110205
6112201200
72111021029
6112202010
71122120105
6112210002
71122100128
6112210020
71122110206
6112210200
71122112006
6112212000
71122120108
6112220001
71211202017
6112220010
71211212007
6112221000
71122211007
6120011202
71211102023
6120011220
71102122019
6120121002
71112200127
6120201012
71122011203
6120211002
71211122003
6120211020
71212120107
6120211200
71100122219
6120221010
71101220219
6121000122
71112021024
6121000212
71210102125
6121002102
71210121025
6121002120
71210121205
6121010202
71210102128
6121010220
71211102204
6121020102
71112201024
6121020210
71211200126
6121022100
71012211208
6121100022
71211100225
6121100202
71211102025
6121100220
71211102205
6121102002
71211020128
6121102020
71211120205
6121102200
71122011208
6121120002
71211200128
6121120200
71211202019
6121122000
71112201207
6121200012
71212100125
6121200102
71211022016
6121200210
71211020126
6121202010
71212011207
6121202100
71212121005
6121210002
71212100128
6121210020
71211120206
6121210200
71210121029
6121212000
71212120108
6121220010
71212211007
6121220100
71212211006
6122001210
71121022019
6122011200
72112101029
6122101002
71112002127
6122101020
71221110205
6122101200
71221012019
6122121000
71112202107
6122201010
71121020219
6122211000
71222110108
6201110202
72121102018
6201110220
71021110226
6201112200
71210102129
6210101022
71122012107
6210101202
71121012023
6210101220
71121010223
6210112002
71120112207
6210112020
71122110203
6210121020
71102210129
6210121200
71121210023
6210122001
71122211003
6211020120
72111221004
6211100202
72111102025
6211100220
72111102205
6211102200
72111122005
6211120020
71120211209
6211120200
71121210026
6211200102
71221012018
6211200120
71121020216
6211202100
72112121005
6211220100
71011202219
6212100021
72121100215
6212100201
72111002128
6212101020
72121110205
6212101200
72121012108
6212110002
72101112028
6212110020
72121110206
6212110200
72121112006
6212112000
72122111009
6212120001
71100212128
6212121000
72111202107
6212201100
71102012128
6221110020
71221110206
6221110200
71012102129
6221120010
71121220017
7011102122
80111221225
7011122102
82111221021
7011122120
80111221229
7101102221
81011222215
7101112022
81011122227
7101112202
81011122228
7101112220
81011122229
7101120221
81211202212
7101121202
81011212228
7101121220
81011212229
7101122012
81120211227
7101122201
81211222012
7101210212
81212102122
7101212210
81012122129
7101221120
81011222219
7110021212
82111202123
7110112022
81121120223
7110121022
81101212227
7110121202
81101212228
7110121220
81121212203
7110122021
81121220217
7110201212
81102212125
7110211022
82111122203
7110211202
81122112023
7110211220
81102112229
7110221012
82111222103
7110221210
81102212129
7112001122
81120211225
7112011220
81122112204
7112021102
81122211024
7112021120
81120211229
7112101022
81121210225
7112101202
81121012228
7112101220
81121012229
7112102021
81121022217
7112102201
81121222015
7112110022
81121122027
7112110202
81121122026
7112112020
81121122207
7112112200
81121122029
7112120021
81121222017
7112121002
81121212027
7112121020
81121212207
7112122001
81121220218
7112201102
81122211025
7112201120
81122011229
7112201210
81122012129
7112211020
82111122209
7112211200
81122112029
7112220011
82112221106
7112221010
81122212107
7112221100
81122211029
7120211012
82122111203
7121010212
81212102124
7121100221
81211022216
7121101202
81211012228
7121101220
81211212205
7121102012
81211220125
7121102201
81211022218
7121110022
81211102227
7121110202
81211102228
7121110220
81211102229
7121112002
81211122027
7121112020
81211122207
7121112200
81211122029
7121120012
81122211027
7121120201
81211222016
7121121200
81211212208
7121122010
81211220129
7121201120
81211022219
7121202101
81212221015
7121210012
81212122106
7121210210
81212102129
7121212010
81212122107
7121220101
81212221016
7121221100
81211222019
7122011210
82121122019
7122101201
81221212015
7122211010
81222112107
7211100212
82111202125
7211102102
82111221025
7211102120
82111221205
7211102210
82111222105
7211110202
82111102228
7211110220
82111102229
7211112200
82111122208
7211120210
82111202129
7211122100
82111221029
7211202110
82112221105
7212101210
82121212105
7212110021
82122111206
7212110201
82121122018
7212121010
82121212107
7212211100
82121122019
7221121100
81221212019
8011122122
91111221221
8101122221
91111222212
8101212212
91112122122
8110221212
91111222123
8112021122
91111222124
8112102221
91121122215
8112112220
91121122219
8112121022
91111222127
8112122021
91111222217
8112201212
91122112125
8112202211
91122122115
8112211202
91122112128
8112211220
92111121229
8121102221
91211122215
8121112022
91112121227
8121112202
91122111228
8121112220
91211122219
8121121202
91211212128
8121122012
91111222217
8121122201
91122211218
8121202121
91212121215
8121212210
91211122219
8122211210
91121122219
8211102122
92111121225
8211112220
91122111229
8211122120
91122211219
8211122210
91211212129
8212101212
92121112125
8212112201
91122112128
