0000000000
10100000002
1000010000
20200100002
1010000000
20100000208
1100000000
21000000029
2010000020
30101020004
2010000200
32100000108
2010020000
30100200108
2010200000
30101020006
2020010000
31000120007
2100000002
31000100025
2100002000
31200000019
2100020000
31000210006
2102000000
31000012008
2120000000
31002010008
2200010000
31020100003
2210000000
31120000003
3001100200
42011002001
3010010020
40100102207
3010010200
42100100023
3010020010
40201210004
3010100002
40101200025
3010102000
42101020001
3010120000
42101200001
3010210000
40102102007
3012100000
40121020006
3020101000
42100020109
3100001020
42011000203
3100001200
41000212005
3100010002
41200100022
3100012000
41020120003
3100020001
41200200012
3100021000
41000210208
3100201000
41202010002
3101000020
41010200205
3101000200
41010202005
3101020000
41210200002
3101200000
41012200005
3102010000
41020100029
3110000002
41100000228
3110000020
41102000204
3110000200
41100002208
3110002000
41120020003
3110020000
41100200208
3110200000
41102000208
3112000000
41120000029
3120000001
41022000017
3120001000
42211000003
3120010000
41200100208
3121000000
41212000004
3201000100
42010201005
3201100000
42011200005
3210000010
42021010007
3210010000
42102100004
3210100000
42101020006
4001100220
50011102205
4001120200
51100200126
4010010202
50121100024
4010010220
51100100223
4010102002
51102012003
4010102020
50101120205
4010120002
51100212003
4010122000
50101210208
4010202010
50102120105
4010210002
50121100206
4010210020
51202110007
4010210200
51102102001
4010212000
51102120001
4012100002
50121100025
4012100020
51022010109
4012100200
51020012109
4012102000
50101012208
4012120000
50111202007
4020121000
50101210208
4021100200
51012000129
4021200100
50212101005
4100001202
52121000018
4100001220
51102002019
4100012002
50011102208
4100012020
51012100203
4100021020
51012200107
4100021200
51120200104
4100201002
51011022003
4100201020
51102010202
4100201200
52211000108
4100221000
51200210108
4101000202
51010102025
4101000220
51011000226
4101020020
51110200202
4101020200
51010201029
4101200002
51012100025
4101200020
51210021007
4101200200
51112002002
4101202000
51012020108
4101220000
51210201007
4102000201
51020102015
4102001200
51120002104
4102010002
51100102024
4102010020
51022100019
4102010200
51020102019
4102012000
51120120002
4102200001
52110001206
4102201000
51122010002
4102210000
51022110006
4110000022
51100100225
4110000202
51100102025
4110000220
51100102205
4110002002
51100020128
4110002020
51101020204
4110002200
51112000023
4110020002
51011200027
4110020020
51100200219
4110020200
51100212006
4110022000
50112201009
4110200002
51211000027
4110200020
51102000219
4110200200
51112002003
4110202000
51102020108
4110220000
51112200003
4112000002
51011002027
4112000020
52110001209
4112000200
51120102005
4112002000
52112001009
4112020000
52110201009
4112200000
51122000019
4120000021
51102020014
4120001020
51012020107
4120001200
51122000104
4120010002
51002110028
4120010020
51012120007
4120012000
50212101009
4120020001
51102200014
4120021000
51211200003
4120200001
51202100015
4120201000
51202110005
4120210000
51202110006
4121000020
51210001207
4121000200
51210102005
4121020000
51211200004
4121200000
51211020006
4122010000
51012102007
4201020100
51100202018
4201100020
51012000129
4201100200
52121000018
4201120000
52111200002
4202101000
52121010002
4210000012
52101010024
4210002010
51201010029
4210010002
51120102003
4210010020
50121100206
4210010200
51120100023
4210012000
52101120004
4210020010
51120200103
4210100002
52101100025
4210102000
52101020019
4210120000
52101210006
4210210000
50121120006
4212000010
52120100105
4212010000
52121100004
4212100000
52111002007
4220101000
52201110005
4221000100
52112001004
4221100000
51221010006
5001110220
60211102202
5010101202
62101012021
5010101220
62101012201
5010112002
60121100227
5010112020
62101120201
5010121020
62101210201
5010121200
62101210023
5011100220
62111002201
5011120200
62111202001
5011200120
61102020216
5011220100
61100222019
5012110002
60121102027
5012110020
60121122007
5012110200
60121122008
5012112000
60121122007
5021110200
60211102208
5100011202
61200112022
5100011220
61002112204
5100211002
61002112027
5100211020
61002110229
5100211200
61002112208
5101000212
61210002122
5101002102
61010221025
5101002120
61010021229
5101010202
61010102228
5101010220
61210102202
5101020102
61210201022
5101020210
61012200126
5101022100
61210201204
5101100022
61011002227
5101100202
61011022026
5101100220
61011002229
5101102002
61011022027
5101102020
61011022207
5101102200
61011022208
5101120002
61011220026
5101120020
61011220206
5101120200
61011202208
5101122000
61011220208
5101200012
61012022106
5101200210
61012202105
5101202010
61012022109
5101210002
61012102027
5101210020
61012100229
5101210200
61212102002
5101212000
61012122009
5101220010
61012202107
5102001210
61220012102
5102011200
61020112208
5102101002
61021210025
5102101020
61120022107
5102121000
61221210002
5102201010
61222010102
5102211000
61222110002
5110000221
61120002213
5110001202
62111002023
5110001220
61100012229
5110002012
61120020123
5110002201
61100222015
5110010022
61100102227
5110010202
61100102228
5110010220
61100122206
5110012002
61102120024
5110012020
61102120204
5110012200
61100122208
5110020012
61021210027
5110020021
61102200214
5110020201
61102202014
5110021020
61102210204
5110021200
61102212004
5110022010
61102220104
5110102002
61121020023
5110102020
61121020203
5110120002
61101220026
5110122000
61101220208
5110200021
61122000213
5110200201
61102022016
5110201002
61102010228
5110201020
61102210205
5110201200
61102212005
5110202001
61102220015
5110202010
61221010207
5110210002
61102102027
5110210020
61102102207
5110210200
61102102208
5110212000
61102120208
5110220001
61102202017
5110221000
61102210208
5112000012
61122000124
5112000201
61120002218
5112000210
61120202105
5112001200
62111002029
5112002010
61120220105
5112010002
61120100228
5112010020
61120102207
5112010200
61120122006
5112012000
61120120208
5112020010
61122200104
5112100002
61121000228
5112100020
61121022007
5112100200
61121002029
5112102000
61121022007
5112120000
61121200208
5112200001
62112021006
5112200010
61122020106
5112201000
61122012007
5112210000
61122100208
5120011020
61202110204
5120011200
61200112208
5120021010
62211200103
5120101002
61221010023
5120121000
61221210003
5120201010
61202010129
5120211000
61202110208
5121000102
61210201025
5121000120
61210021206
5121000210
61210202105
5121002100
61212021004
5121010020
61210102207
5121010200
61212100026
5121020010
61212200104
5121020100
61212201004
5121100002
61211020026
5121100020
61211000229
5121100200
61211002029
5121102000
61211220005
5121120000
61211220006
5121200010
61212000129
5121200100
61212021006
5121210000
61212102007
5122101000
61221010029
5201110020
61022110206
5201110200
62011102208
5210021100
61022210108
5210101002
62101010228
5210101020
62101210205
5210101200
62121012003
5210102001
62101220015
5210110002
62121100023
5210112000
62121120003
5210120001
62101220018
5210121000
62101210208
5211000120
62112001204
5211020100
62110201208
5211100020
62111200205
5211100200
62111022006
5211120000
61122210006
5211200100
62112201005
5212100001
62122011006
5212101000
62121010208
5212110000
62121100029
5221100010
62211200105
5221110000
61220112009
6010112022
71102112207
6010121202
72121210108
6010121220
71101210223
6011120220
71111202201
6011220120
71012211209
6012110022
72101112206
6012110202
71121102021
6012112020
71222110109
6012112200
71121122001
6021110220
71102120126
6100211022
71212102107
6100211202
72122111008
6100211220
71011120223
6101002122
71010121225
6101020212
71110202122
6101022102
71110221022
6101022120
71212201019
6101102022
71111020222
6101102202
71120011228
6101102220
71011022219
6101120022
71110221027
6101120202
71011212026
6101120220
71011212206
6101122002
71111220022
6101122020
71012211209
6101122200
71120211208
6101200212
71112002122
6101202210
71012122105
6101210022
71112100222
6101210202
71012102128
6101210220
71011120226
6101212020
71210121209
6101212200
71112122002
6101220012
71120211206
6101220210
71011202219
6102011220
71120122104
6102101022
71112002127
6102121002
71121210022
6102121020
71112200127
6102211020
71122100219
6102211200
71122112002
6102221010
71122210102
6110002221
71112001223
6110012022
71112102203
6110012202
71121100224
6110012220
71112100223
6110020221
70111221026
6110021202
71111202023
6110021220
71101212204
6110022012
71112202103
6110022201
71122200118
6110102022
71111020223
6110122002
71111200227
6110122020
71111220203
6110200221
71110021223
6110201022
71111022203
6110201202
71111022023
6110201220
70111021229
6110202012
71112022103
6110202021
71102120215
6110202201
71102122015
6110210022
71112100223
6110210202
71221110028
6110210220
71102102219
6110212002
71211100227
6110212020
71211120207
6110212200
71221110208
6110220021
71212211007
6110220201
70111221026
6110221002
71111222003
6110221020
71111220203
6110221200
71111220023
6112000212
72111002126
6112000221
71121022014
6112001220
72111021029
6112002210
71221012019
6112010022
71011122027
6112010202
72111102026
6112010220
71120112206
6112012020
71121120204
6112012200
72112101029
6112020012
72111202106
6112022010
71011212207
6112100022
71121010226
6112100202
71121102025
6112102020
71111022207
6112102200
71121122005
6112120002
71111202027
6112120020
71111222007
6112122000
71121220019
6112200012
71122100125
6112200021
71122100215
6112200201
71122102015
6112201020
71122011207
6112201200
71122012108
6112202010
71122120105
6112210002
71122100128
6112210020
71122110206
6112210200
71122112006
6112212000
71122120108
6112220001
71211202017
6112220010
71122200119
6112221000
71122211007
6120011202
72121100218
6120011220
71211100223
6120121002
71112200127
6120201012
71122011203
6120211002
71212100127
6120211020
71211120203
6120211200
71211120023
6120221010
71101220219
6121000122
71112021024
6121000212
71210102125
6121002102
71112001224
6121002120
71112021204
6121010202
71210102128
6121010220
71210101229
6121020102
71011222018
6121020210
71122211004
6121022100
71212201019
6121100022
71211100225
6121100202
71122011028
6121100220
71211012206
6121102002
71211120025
6121102020
71212011209
6121102200
71211122005
6121120002
71112201027
6121120200
71211212006
6121122000
71211220108
6121200012
71122011206
6121200102
71211022016
6121200210
71212102105
6121202010
71212120105
6121202100
71212011208
6121210002
71212101027
6121210020
71211120206
6121210200
71211120026
6121212000
71212121007
6121220010
71212211007
6121220100
71212211006
6122001210
71122012104
6122011200
72112101029
6122101002
71221110025
6122101020
71221110205
6122101200
71221112005
6122121000
71102212108
6122201010
71222110105
6122211000
72112101209
6201110202
71120102126
6201110220
72111102202
6201112200
71210102129
6210101022
71121012203
6210101202
71121012023
6210101220
71102012129
6210112002
71120112207
6210112020
71202110129
6210121020
71121210203
6210121200
72121210108
6210122001
71122211003
6211020120
71121200216
6211100202
72111002128
6211100220
71120011229
6211102200
72111022108
6211120020
71120211209
6211120200
71120211029
6211200102
71221012018
6211200120
71121020216
6211202100
72112121005
6211220100
71011202219
6212100021
71122011027
6212100201
72121102015
6212101020
72111022107
6212101200
72121112005
6212110002
72111102027
6212110020
72121100219
6212110200
72121112006
6212112000
72122111009
6212120001
71120211027
6212121000
72121210108
6212201100
71120011229
6221110020
71012122109
6221110200
72122111008
6221120010
71102212106
7011102122
80111221225
7011122102
80111221228
7011122120
82111221201
7101102221
81211022212
7101112022
81011122227
7101112202
81211122022
7101112220
81011122229
7101120221
81011222216
7101121202
81011212228
7101121220
81011212229
7101122012
81211220122
7101122201
81211222012
7101210212
81212102122
7101212210
81012122129
7101221120
81011222219
7110021212
82111202123
7110112022
81121120223
7110121022
81101212227
7110121202
81121212023
7110121220
81101212229
7110122021
81121220217
7110201212
81102212125
7110211022
81102112227
7110211202
81102112228
7110211220
81122112203
7110221012
82111222103
7110221210
81102212129
7112001122
81120211225
7112011220
81122112204
7112021102
81120211228
7112021120
81122211204
7112101022
81121210225
7112101202
81121012228
7112101220
81121012229
7112102021
81121022217
7112102201
81121022218
7112110022
81121122027
7112110202
81121122026
7112112020
81121122207
7112112200
81121122208
7112120021
81121220216
7112121002
81121210228
7112121020
81121212207
7112122001
81121220218
7112201102
81122011228
7112201120
81122011229
7112201210
81122012129
7112211020
82111122209
7112211200
81122112208
7112220011
82112221106
7112221010
82111222109
7112221100
81122211029
7120211012
82122111203
7121010212
81212102124
7121100221
81211202215
7121101202
81211212025
7121101220
81211012229
7121102012
81122011227
7121102201
81211022218
7121110022
81211102227
7121110202
81211122026
7121110220
81211102229
7121112002
81211122027
7121112020
81211122207
7121112200
81211122029
7121120012
81211220126
7121120201
81211222016
7121121200
81211212208
7121122010
81122211207
7121201120
81212211205
7121202101
81212221015
7121210012
81212122106
7121210210
81212122106
7121212010
81212122107
7121220101
81212221016
7121221100
81212211208
7122011210
81222112104
7122101201
81122022118
7122211010
81222112107
7211100212
82111202125
7211102102
82111221025
7211102120
82111221205
7211102210
81122012129
7211110202
81122112026
7211110220
82111102229
7211112200
82111122208
7211120210
82111222106
7211122100
82111221208
7211202110
81122022119
7212101210
82121012129
7212110021
82121122017
7212110201
82121122018
7212121010
82121212107
7212211100
82122111208
7221121100
81221212019
8011122122
91111221221
8101122221
91111222212
8101212212
91112122122
8110221212
91111222123
8112021122
91111222124
8112102221
91121122215
8112112220
91121122219
8112121022
91111222127
8112122021
91111222217
8112201212
91122112125
8112202211
91122122115
8112211202
91122112128
8112211220
92111121229
8121102221
91211122215
8121112022
91112121227
8121112202
91122111228
8121112220
91211122219
8121121202
91211212128
8121122012
91111222217
8121122201
91122211218
8121202121
91212121215
8121212210
91211122219
8122211210
91121122219
8211102122
92111121225
8211112220
91122111229
8211122120
91122211219
8211122210
91211212129
8212101212
92121112125
8212112201
91122112128
