0000000000
10000100005
1000010000
22000100001
1010000000
20102000004
1100000000
21020000003
2010000020
31100000201
2010000200
30100102005
2010020000
31100200001
2010200000
31100020003
2020010000
31200100001
2100000002
31000100025
2100002000
31010000207
2100020000
31000210006
2102000000
31100002004
2120000000
31102000004
2200010000
32100100002
2210000000
32101000004
3001100200
40011002208
3010010020
40100102207
3010010200
40102100026
3010020010
42100200101
3010100002
40101200025
3010102000
42101020001
3010120000
40121200003
3010210000
42102100001
3012100000
40121002007
3020101000
40201210005
3100001020
41000210205
3100001200
41000012208
3100010002
41020100023
3100012000
41000120208
3100020001
41200200012
3100021000
42011200003
3100201000
41002010029
3101000020
41010002209
3101000200
41010002208
3101020000
41010200208
3101200000
41012200005
3102010000
41020100029
3110000002
41100000228
3110000020
41100000229
3110000200
41100202005
3110002000
41120020003
3110020000
41100220006
3110200000
41102000208
3112000000
41120000029
3120000001
41022000017
3120001000
41200210005
3120010000
41200100208
3121000000
41210002007
3201000100
41020002019
3201100000
41020012009
3210000010
42021010007
3210010000
42100100208
3210100000
42101020006
4001100220
50111002202
4001120200
52101200018
4010010202
51100102021
4010010220
51100100223
4010102002
51102012003
4010102020
51202010109
4010120002
50101212006
4010122000
51100210207
4010202010
50102120105
4010210002
51200112007
4010210020
51002110209
4010210200
51102102001
4010212000
51102120001
4012100002
50101012028
4012100020
51022010109
4012100200
52101010028
4012102000
50101012208
4012120000
52101210006
4020121000
51201210003
4021100200
50211102005
4021200100
50212101005
4100001202
51000112025
4100001220
51120020104
4100012002
51100120022
4100012020
51012100203
4100021020
51102200019
4100021200
51011200023
4100201002
51102010022
4100201020
51212000107
4100201200
51002112005
4100221000
51210200107
4101000202
51010102025
4101000220
51010021029
4101020020
51011200204
4101020200
51010202108
4101200002
51012000128
4101200020
51011020206
4101200200
51012002108
4101202000
51012120005
4101220000
51012200108
4102000201
51020102015
4102001200
51120002104
4102010002
52011102006
4102010020
52011100206
4102010200
51020112006
4102012000
52210101009
4102200001
51100022018
4102201000
52110001209
4102210000
51210102007
4110000022
50111002206
4110000202
51100012026
4110000220
51100102205
4110002002
51112002003
4110002020
51101020204
4110002200
51100022019
4110020002
51100200128
4110020020
51110200203
4110020200
51100202019
4110022000
51011200207
4110200002
51102010026
4110200020
51102010206
4110200200
51102012006
4110202000
51102020108
4110220000
51102210006
4112000002
51121000024
4112000020
51120100205
4112000200
51121002004
4112002000
51120120005
4112020000
52111200006
4112200000
51122000108
4120000021
51102020014
4120001020
51102020104
4120001200
51100022019
4120010002
51002110028
4120010020
51012120007
4120012000
51212100003
4120020001
50112201006
4120021000
51201210004
4120200001
51202100015
4120201000
51211020003
4120210000
51212100003
4121000020
51211000204
4121000200
51210102005
4121020000
51211200004
4121200000
51211020006
4122010000
52210101009
4201020100
52110201004
4201100020
52111000202
4201100200
51021010026
4201120000
51021210006
4202101000
50101012028
4210000012
52100100125
4210002010
51201010029
4210010002
50121102006
4210010020
51002110029
4210010200
52121100004
4210012000
52101120004
4210020010
51021210007
4210100002
52101100025
4210102000
51122010003
4210120000
52101210006
4210210000
52211100007
4212000010
52120100105
4212010000
52121100004
4212100000
52121000019
4220101000
51221010003
4221000100
52210101005
4221100000
52211100005
5001110220
62011102201
5010101202
60101212025
5010101220
62101012201
5010112002
62101120021
5010112020
62101120201
5010121020
60101212207
5010121200
60101212208
5011100220
60111202205
5011120200
60111202208
5011200120
61100022219
5011220100
61102220016
5012110002
60121100228
5012110020
60121120206
5012110200
60121102029
5012112000
60121120029
5021110200
62211102001
5100011202
62011102023
5100011220
61002112204
5100211002
61002112027
5100211020
61022110203
5100211200
61002112208
5101000212
61210002122
5101002102
61010221025
5101002120
61210021202
5101010202
61012102026
5101010220
61210102202
5101020102
61210201022
5101020210
61210202102
5101022100
61210201204
5101100022
61011020226
5101100202
61211002022
5101100220
61011002229
5101102002
61011220025
5101102020
61011220205
5101102200
61011222005
5101120002
61011200228
5101120020
61011202207
5101120200
61011222006
5101122000
61011220029
5101200012
61012002127
5101200210
61012002129
5101202010
61012022109
5101210002
61012122006
5101210020
61012100229
5101210200
61012102029
5101212000
61212120002
5101220010
61212200102
5102001210
62121002019
5102011200
61022112004
5102101002
61221010022
5102101020
61021010229
5102121000
61021210208
5102201010
62121000219
5102211000
62011122009
5110000221
61120002213
5110001202
62111002023
5110001220
61102012204
5110002012
61120020123
5110002201
61100022218
5110010022
61100102227
5110010202
61100102228
5110010220
61100122206
5110012002
61102120024
5110012020
61120120203
5110012200
61120122003
5110020012
61100220126
5110020021
61100202217
5110020201
61120202013
5110021020
61102210204
5110021200
61100212208
5110022010
61102220104
5110102002
61101220025
5110102020
61101220205
5110120002
61101220026
5110122000
61101220029
5110200021
61102002217
5110200201
61102002218
5110201002
61102210025
5110201020
61122010203
5110201200
61122012003
5110202001
61102020218
5110202010
61102220105
5110210002
61122100023
5110210020
61122100203
5110210200
61102102208
5110212000
61102120208
5110220001
61102202017
5110221000
61102210029
5112000012
61122000124
5112000201
61122002014
5112000210
61120002129
5112001200
61122012004
5112002010
61120220105
5112010002
61120120026
5112010020
61122100204
5112010200
61120122006
5112012000
61120122007
5112020010
61120220106
5112100002
61121000228
5112100020
61121200205
5112100200
61121022006
5112102000
61121220005
5112120000
61121200029
5112200001
61122000218
5112200010
61221012007
5112201000
61122010208
5112210000
61122120006
5120011020
61202110204
5120011200
61200112029
5120021010
62101220019
5120101002
61201210025
5120121000
61102220108
5120201010
61222010103
5120211000
61202110029
5121000102
61210021026
5121000120
61212021004
5121000210
61212000126
5121002100
61210021029
5121010020
61212100204
5121010200
61210102029
5121020010
61210202107
5121020100
61210201029
5121100002
61211020026
5121100020
61211020206
5121100200
61211002029
5121102000
61211022007
5121120000
61211200029
5121200010
61212200105
5121200100
61212201005
5121210000
61212100208
5122101000
61221010208
5201110020
62011102207
5201110200
62011122006
5210021100
61020212109
5210101002
62101012027
5210101020
62121010203
5210101200
62101012029
5210102001
61202010128
5210110002
62121100023
5210112000
62101120208
5210120001
62101220018
5210121000
62121210003
5211000120
62112001204
5211020100
62112201004
5211100020
62111200205
5211100200
62111002029
5211120000
61120212009
5211200100
62112001208
5212100001
62121200015
5212101000
62121010208
5212110000
62121102007
5221100010
62122011007
5221110000
62211102007
6010112022
71101120221
6010121202
72121210108
6010121220
71102212109
6011120220
71101210226
6011220120
71101220216
6012110022
71102112027
6012110202
72101112028
6012112020
71121120201
6012112200
71121122001
6021110220
71012122109
6100211022
71212102107
6100211202
72122111008
6100211220
71102112202
6101002122
71110021222
6101020212
71120211026
6101022102
71011202218
6101022120
71110221202
6101102022
71111020222
6101102202
71011122025
6101102220
71011022219
6101120022
71011212206
6101120202
71011212026
6101120220
71011212206
6101122002
71110201227
6101122020
71110221207
6101122200
71120211208
6101200212
71120011226
6101202210
71211002219
6101210022
71210121027
6101210202
71112102022
6101210220
71112102202
6101212020
71210121209
6101212200
71210101229
6101220012
71120211206
6101220210
71011220126
6102011220
71120122104
6102101022
71021110225
6102121002
71100212128
6102121020
71121210202
6102211020
71122110202
6102211200
71122112002
6102221010
71121200219
6110002221
71112001223
6110012022
71101120224
6110012202
71021110228
6110012220
71112100223
6110020221
70111221026
6110021202
71101212024
6110021220
71111200223
6110022012
71101210224
6110022201
71121200214
6110102022
71101120225
6110122002
71101210228
6110122020
71111220203
6110200221
71110021223
6110201022
71102110225
6110201202
71102112025
6110201220
71111020223
6110202012
71211012207
6110202021
71102120215
6110202201
71112021023
6110210022
71112100223
6110210202
71112102023
6110210220
71102112206
6110212002
71102120128
6110212020
71211120207
6110212200
71221110208
6110220021
70111221206
6110220201
70111221026
6110221002
71211200127
6110221020
71211220107
6110221200
71102212108
6112000212
71120102125
6112000221
72111021026
6112001220
71121012204
6112002210
71120122105
6112010022
72111102206
6112010202
72111102026
6112010220
71121122004
6112012020
72112101209
6112012200
71120122108
6112020012
71101212024
6112022010
72211211009
6112100022
71121010226
6112100202
71121012026
6112102020
71121020219
6112102200
71121022019
6112120002
71111202027
6112120020
71121200219
6112122000
71111202207
6112200012
72111022106
6112200021
72111021206
6112200201
71221012018
6112201020
71122011207
6112201200
71122112005
6112202010
71122120105
6112210002
71122100128
6112210020
71122100219
6112210200
71122102019
6112212000
72112121009
6112220001
72111221006
6112220010
71122200119
6112221000
71122211007
6120011202
71211102023
6120011220
71102122019
6120121002
71102210128
6120201012
71202110125
6120211002
71211122003
6120211020
71212120107
6120211200
71211120023
6120221010
71101220219
6121000122
71210101225
6121000212
71210102125
6121002102
71112001224
6121002120
71210121205
6121010202
71210102128
6121010220
71211102204
6121020102
71112201024
6121020210
71211200126
6121022100
71212201019
6121100022
71112021027
6121100202
71211012026
6121100220
71211002219
6121102002
71112001227
6121102020
71212011209
6121102200
71122011208
6121120002
71112201027
6121120200
71122211008
6121122000
71211220108
6121200012
71211022017
6121200102
71212101025
6121200210
71212102105
6121202010
71212011207
6121202100
71212121005
6121210002
71212100128
6121210020
71210121209
6121210200
71212102108
6121212000
71212121007
6121220010
71012211209
6121220100
71212211006
6122001210
71121022019
6122011200
71220112108
6122101002
71112002127
6122101020
71221110205
6122101200
71221112005
6122121000
72211211009
6122201010
71211020127
6122211000
71212102107
6201110202
72121102018
6201110220
72111102202
6201112200
71210102129
6210101022
72101110225
6210101202
72101112025
6210101220
72101112205
6210112002
71122112003
6210112020
71202110129
6210121020
71122210107
6210121200
71121210023
6210122001
71102210128
6211020120
72111221004
6211100202
72111102025
6211100220
72111102205
6211102200
71122011029
6211120020
72111221007
6211120200
71121210026
6211200102
71221012018
6211200120
71121020216
6211202100
72112121005
6211220100
71121220016
6212100021
71122011027
6212100201
72111002128
6212101020
72111022107
6212101200
72111002129
6212110002
72101112028
6212110020
72111122007
6212110200
72121112006
6212112000
72101112208
6212120001
71100212128
6212121000
72121210108
6212201100
72122111005
6221110020
71012122109
6221110200
72122111008
6221120010
71102212106
7011102122
80111221225
7011122102
80111221228
7011122120
80111221229
7101102221
81011222215
7101112022
81011122227
7101112202
81211122022
7101112220
81011122229
7101120221
81211202212
7101121202
81211212022
7101121220
81211212202
7101122012
81120211227
7101122201
81211222012
7101210212
81012122126
7101212210
81212122102
7101221120
81011222219
7110021212
82111202123
7110112022
81121120223
7110121022
81121210223
7110121202
81101212228
7110121220
81121212203
7110122021
81121220217
7110201212
81102212125
7110211022
82111122203
7110211202
81102112228
7110211220
81102112229
7110221012
81102212127
7110221210
81102212129
7112001122
81122011224
7112011220
81122112204
7112021102
81120211228
7112021120
81120211229
7112101022
81121210225
7112101202
81121212025
7112101220
81121012229
7112102021
81121022217
7112102201
81121222015
7112110022
81121120226
7112110202
81121122026
7112112020
81121122207
7112112200
81121122029
7112120021
81121220216
7112121002
81121210228
7112121020
81121212207
7112122001
81121220218
7112201102
81122211025
7112201120
81122211205
7112201210
81122012129
7112211020
82111122209
7112211200
81122112208
7112220011
81221212017
7112221010
81122212107
7112221100
81122211208
7120211012
82122111203
7121010212
81212102124
7121100221
81211202215
7121101202
81211212025
7121101220
81211012229
7121102012
81122011227
7121102201
81211222015
7121110022
81211120226
7121110202
81211102228
7121110220
81211122206
7121112002
81211122027
7121112020
81211122207
7121112200
81211122029
7121120012
81211220126
7121120201
81211222016
7121121200
81211212029
7121122010
81211220129
7121201120
81212211205
7121202101
81212021218
7121210012
81212102127
7121210210
81212102129
7121212010
81212122107
7121220101
81212221016
7121221100
81211222019
7122011210
81222112104
7122101201
81221212015
7122211010
82122111209
7211100212
82111202125
7211102102
82111221025
7211102120
82111021229
7211102210
81122012129
7211110202
81122112026
7211110220
82111102229
7211112200
82111122208
7211120210
82111202129
7211122100
82111221208
7211202110
81122022119
7212101210
82121212105
7212110021
82122111206
7212110201
82121122018
7212121010
82121212107
7212211100
82122111208
7221121100
82112221108
8011122122
91111221221
8101122221
91111222212
8101212212
91112122122
8110221212
91111222123
8112021122
91111222124
8112102221
91121122215
8112112220
91121122219
8112121022
91111222127
8112122021
91111222217
8112201212
91122112125
8112202211
91122122115
8112211202
91122112128
8112211220
92111121229
8121102221
91211122215
8121112022
91112121227
8121112202
91122111228
8121112220
91211122219
8121121202
91211212128
8121122012
91111222217
8121122201
91122211218
8121202121
91212121215
8121212210
91211122219
8122211210
91121122219
8211102122
92111121225
8211112220
91122111229
8211122120
91122211219
8211122210
91211212129
8212101212
92121112125
8212112201
91122112128
