0000000000
1000010000
1010000000
1100000000
2010000020
2010000200
2010020000
2010200000
2020010000
2100000002
2100002000
2100020000
2102000000
2120000000
2200010000
2210000000
3001100200
3010010020
3010010200
3010020010
3010100002
3010102000
3010120000
3010210000
3012100000
3020101000
3100001020
3100001200
3100010002
3100012000
3100020001
3100021000
3100201000
3101000020
3101000200
3101020000
3101200000
3102010000
3110000002
3110000020
3110000200
3110002000
3110020000
3110200000
3112000000
3120000001
3120001000
3120010000
3121000000
3201000100
3201100000
3210000010
3210010000
3210100000
4001100220
4001120200
4010010202
4010010220
4010102002
4010102020
4010120002
4010122000
4010202010
4010210002
4010210020
4010210200
4010212000
4012100002
4012100020
4012100200
4012102000
4012120000
4020121000
4021100200
4021200100
4100001202
4100001220
4100012002
4100012020
4100021020
4100021200
4100201002
4100201020
4100201200
4100221000
4101000202
4101000220
4101020020
4101020200
4101200002
4101200020
4101200200
4101202000
4101220000
4102000201
4102001200
4102010002
4102010020
4102010200
4102012000
4102200001
4102201000
4102210000
4110000022
4110000202
4110000220
4110002002
4110002020
4110002200
4110020002
4110020020
4110020200
4110022000
4110200002
4110200020
4110200200
4110202000
4110220000
4112000002
4112000020
4112000200
4112002000
4112020000
4112200000
4120000021
4120001020
4120001200
4120010002
4120010020
4120012000
4120020001
4120021000
4120200001
4120201000
4120210000
4121000020
4121000200
4121020000
4121200000
4122010000
4201020100
4201100020
4201100200
4201120000
4202101000
4210000012
4210002010
4210010002
4210010020
4210010200
4210012000
4210020010
4210100002
4210102000
4210120000
4210210000
4212000010
4212010000
4212100000
4220101000
4221000100
4221100000
5001110220
5010101202
5010101220
5010112002
5010112020
5010121020
5010121200
5010212010
5011100220
5011120200
5011200120
5011220100
5012110002
5012110020
5012110200
5012112000
5021110200
5021210100
5100011202
5100011220
5100211002
5100211020
5100211200
5101000212
5101002102
5101002120
5101010202
5101010220
5101020102
5101020210
5101022100
5101100022
5101100202
5101100220
5101102002
5101102020
5101102200
5101120002
5101120020
5101120200
5101122000
5101200012
5101200210
5101202010
5101210002
5101210020
5101210200
5101212000
5101220010
5102001210
5102010201
5102011200
5102101002
5102101020
5102121000
5102201010
5102210001
5102211000
5110000221
5110001202
5110001220
5110002012
5110002201
5110010022
5110010202
5110010220
5110012002
5110012020
5110012200
5110020012
5110020021
5110020201
5110021020
5110021200
5110022010
5110102002
5110102020
5110120002
5110122000
5110200021
5110200201
5110201002
5110201020
5110201200
5110202001
5110202010
5110210002
5110210020
5110210200
5110212000
5110220001
5110221000
5111000202
5111000220
5111020020
5111020200
5111200002
5111200020
5111200200
5111202000
5111220000
5112000012
5112000201
5112000210
5112001200
5112002010
5112010002
5112010020
5112010200
5112012000
5112020010
5112100002
5112100020
5112100200
5112102000
5112120000
5112200001
5112200010
5112201000
5112210000
5120010021
5120011020
5120011200
5120021010
5120101002
5120121000
5120201010
5120210001
5120211000
5121000102
5121000120
5121000210
5121002100
5121010020
5121010200
5121020010
5121020100
5121100002
5121100020
5121100200
5121102000
5121120000
5121200010
5121200100
5121210000
5122101000
5201110020
5201110200
5202111000
5210010012
5210012010
5210021100
5210101002
5210101020
5210101200
5210102001
5210110002
5210112000
5210120001
5210121000
5211000120
5211020100
5211100020
5211100200
5211120000
5211200100
5212010010
5212100001
5212101000
5212110000
5220111000
5221010100
5221100010
5221110000
6010101222
6010112022
6010121202
6010121220
6011120220
6011220120
6012110022
6012110202
6012112002
6012112020
6012112200
6021110220
6100011222
6100211022
6100211202
6100211220
6101002122
6101010222
6101020212
6101022102
6101022120
6101100222
6101102022
6101102202
6101102220
6101120022
6101120202
6101120220
6101122002
6101122020
6101122200
6101200212
6101202210
6101210022
6101210202
6101210220
6101212020
6101212200
6101220012
6101220210
6101222010
6102011220
6102021210
6102101022
6102121002
6102121020
6102211020
6102211200
6102221010
6110001222
6110002221
6110010222
6110012022
6110012202
6110012220
6110020221
6110021202
6110021220
6110022012
6110022201
6110102022
6110122002
6110122020
6110200221
6110201022
6110201202
6110201220
6110202012
6110202021
6110202201
6110210022
6110210202
6110210220
6110212002
6110212020
6110212200
6110220021
6110220201
6110221002
6110221020
6110221200
6110222001
6110222010
6112000212
6112000221
6112001220
6112002012
6112002210
6112010022
6112010202
6112010220
6112012002
6112012020
6112012200
6112020012
6112020201
6112020210
6112021200
6112022010
6112100022
6112100202
6112102002
6112102020
6112102200
6112120002
6112120020
6112120200
6112122000
6112200012
6112200021
6112200201
6112201020
6112201200
6112202010
6112210002
6112210020
6112210200
6112212000
6112220001
6112220010
6112221000
6120011202
6120011220
6120121002
6120201012
6120211002
6120211020
6120211200
6120221010
6121000122
6121000212
6121002102
6121002120
6121010202
6121010220
6121020102
6121020120
6121020210
6121022100
6121100022
6121100202
6121100220
6121102002
6121102020
6121102200
6121120002
6121120020
6121120200
6121122000
6121200012
6121200102
6121200210
6121202010
6121202100
6121210002
6121210020
6121210200
6121212000
6121220010
6121220100
6122001210
6122011200
6122101002
6122101020
6122101200
6122121000
6122201010
6122211000
6201110202
6201110220
6201112200
6210101022
6210101202
6210101220
6210112002
6210112020
6210121002
6210121020
6210121200
6210122001
6211020120
6211100202
6211100220
6211102200
6211120020
6211120200
6211200102
6211200120
6211202100
6211220100
6212100021
6212100201
6212101020
6212101200
6212110002
6212110020
6212110200
6212112000
6212120001
6212121000
6212201100
6221110020
6221110200
6221120010
7011102122
7011122102
7011122120
7101012122
7101102221
7101112022
7101112202
7101112220
7101120221
7101121202
7101121220
7101122012
7101122201
7101210212
7101212210
7101221120
7102111022
7110012221
7110021212
7110112022
7110121022
7110121202
7110121220
7110122021
7110201212
7110210221
7110211022
7110211202
7110211220
7110212012
7110212021
7110212201
7110221012
7110221210
7111002122
7111020122
7111020212
7111022102
7111022120
7111102022
7111102202
7111102220
7111120022
7111120202
7111120220
7111122002
7111122020
7111122200
7111200122
7111200212
7111202102
7111202120
7111202210
7111210022
7111210202
7111210220
7111212020
7111212200
7111220012
7111220102
7111220120
7111220210
7112001122
7112010212
7112010221
7112011220
7112012210
7112021102
7112021120
7112101022
7112101202
7112101220
7112102021
7112102201
7112110022
7112110202
7112112020
7112112200
7112120021
7112121002
7112121020
7112122001
7112201102
7112201120
7112201210
7112210012
7112210021
7112210201
7112211020
7112211200
7112212010
7112220011
7112221010
7112221100
7120211012
7121010122
7121010212
7121012102
7121012120
7121100221
7121101202
7121101220
7121102012
7121102201
7121110022
7121110202
7121110220
7121112002
7121112020
7121112200
7121120012
7121120201
7121121200
7121122010
7121201120
7121202101
7121210012
7121210102
7121210210
7121212010
7121212100
7121220101
7121221100
7122011210
7122101201
7122111002
7122111020
7122111200
7122211010
7210111022
7210111202
7210111220
7211100212
7211102102
7211102120
7211102210
7211110202
7211110220
7211112200
7211120210
7211122100
7211202110
7211210102
7211210120
7211212100
7212101210
7212110021
7212110201
7212111020
7212111200
7212121010
7212211100
7221121100
8011122122
8101112222
8101121222
8101122221
8101212212
8110121222
8110211222
8110221212
8112021122
8112101222
8112102221
8112112022
8112112202
8112112220
8112121022
8112121202
8112121220
8112122021
8112122201
8112201122
8112201212
8112202211
8112211202
8112211220
8112221102
8112221120
8112221210
8121101222
8121102221
8121110222
8121112022
8121112202
8121112220
8121120221
8121121202
8121121220
8121122012
8121122201
8121202121
8121210212
8121212210
8121221120
8121222101
8122121201
8122211210
8211102122
8211110222
8211112220
8211120212
8211122102
8211122120
8211122210
8211222110
8212101212
8212112201
8212121210
8212211120
9111122122
9111122212
9111122221
9111212122
9111212212
9112112221
9112211122
9112211212
9112212211
9112221121
9121112221
9121121212
9121212121
9211112122
9212111212
