0000000000
110000000011010000000210000100005
1000010000
2200010000120200100002
1010000000
2210000000120102000004201002000052010000200720100000208
1100000000
2120000000221020000003210002000052100002000621000000029
2010000020
31100000201301010200043010010020531002010007
2010000200
31100002001311000000233012100000430100102005301010000263210000010831000012009
2010020000
31100200001301012000043100021000730100200108
2010200000
31102000001311000200033010210000530101020006312000100073020101000831000010209
2020010000
31200100001301021000043100012000730100100208
2100000002
31100000022310100020033100010002530011002006
2100002000
31100020002310120000033110000020431000120005310100002073100001020831200000019
2100020000
31100200002310102000033100021000631000200019
2102000000
31120000002311000020043102010000532011000006310100020073100001200832010001009
2120000000
31210000003311020000043120010000531200010006310120000073100201000831200000019
2200010000
32100100002310201000033010010200631000100029
2210000000
31120000003321010000043210010000530121000006320110000073210000010830011002009
3001100200
402110020024201100200141002010026400112020054100001202940011002208
3010010020
421001002014010210020440100102207
3010010200
421001020014210010002340102102004401021000264010010220840100102029
3010020010
4210020010140201210004
3010100002
40121000027421010000214010102002840101200025
3010102000
401210200034210102000140101220005401010200294010102020840121000207
3010120000
42101200001401212000034010122000640101200029
3010210000
421021000014210012000340102120006401021020074010210020840102100029
3012100000
421210000014012102000640121200005401210000294012100020840121002007
3020101000
42201010003421000201094020121000540102020108
3100001020
410020102044100001220741200010202410002102054201100020340011002209
3100001200
410020120044120001200241000212005410000122084102001200341000012029
3100010002
412001000224102010002341000120026
3100012000
412001200024102012000341200100204410201002074100012020841000120029
3100020001
4120020001242010201003
3100021000
412002100024201120000341002210004410002120074100021020840011202009
3100201000
410020120074120201000241002210005410020102084102201000341002010029
3101000020
41012000206410100022094121000020241010200205
3101000200
410120020044121000200241010202005410100022084101200002641010002029
3101020000
41210200002410122000044101020200741010200208
3101200000
410120020074121200000241012200005410120002084101202000641012000029
3102010000
412201000024102210000441020120006410201020074102010020841020100029
3110000002
411200000234110200002441100200025411000200264110000202741100000228
3110000020
411020002044110000220741100200205411200002034110002020641100000229
3110000200
411020020044110020200541100002208411200020034110002200641100002029
3110002000
411200200034110202000441100220005411000220074110002020841100020029
3110020000
411202000034110220000441100220006411002020074110020020841100200029
3110200000
411020020074110220000541102000208411220000034110202000641102000029
3112000000
411220000044112020000541120020006411200020074112000020841120000029
3120000001
422100010034120200001441200200015402120010064102200001741200000218
3120001000
422110000034120201000441200210005412000120074120001020840211002009
3120010000
412201000034120210000441200120006410221000074120010020841200100029
3121000000
41212000004412102000054121000200741210000208
3201000100
42210001004410220000184201020100541020002019
3201100000
422110000024102201000642011200005410200120094201100020842011002007
3210000010
421200001034220101000442100200105421000201064202101000742100000129
3210010000
421201000034210210000442100120006421001020074210010020842100100029
3210100000
42121000003421012000054210102000642101000029
4001100220
5110002012651012002109501110022025001110220551011002201
4001120200
5011120200251011202001511002001265101020210952101200018
4010010202
511001020215012110002452120100108
4010010220
5110010220151100100223501211200045010112002651002112009
4010102002
5110201200351101020021501011200255010101220851100012207
4010102020
51102010207511010202015010112020551202010109
4010120002
511012000215110021200350101212006
4010122000
5110221000351101220001512002101095010121020851100210207
4010202010
5110202010150102120105
4010210002
5110210002151100122003501211002065120011200752100120108
4010210020
5110210020151100120203501011202065120211000751002110209
4010210200
5110210200151100120023501011200265220111000851000112209
4010212000
511021200015120011020750102120108
4012100002
5112100002152101012006501211000255010101202851100012027
4012100020
5112100020152101010206501211002055102201010951102010027
4012100200
51121002001521010100285012110200551020012109
4012102000
5112102000150121120005522110001095010101220850111002207
4012120000
5112120000152101210006521002110095010121200850111202007
4020121000
512012100035110022010950101210208
4021100200
5121100200151201010026502111020055101200012952101020018
4021200100
51212001001511020002185021210100551010021209
4100001202
5112000012451100012022510001120255212100001851011002023
4100001220
5112002010451100012202510001122055101100022351102002019
4100012002
5110012002251012102003511001002245101010220750011102208
4100012020
511001202025101210020351202100019
4100021020
5110021020251011200203511002201045101220010751102200019
4100021200
5112020010451100212002521002110085101120002351100202019
4100201002
5121000210751102010022510021100255210102001851011022003
4100201020
5121200010751102010202510021102055101102020351102000219
4100201200
5110201200251002112005522110001085101102002351100002219
4100221000
5121020010751102210002512002101085101122000351100200219
4101000202
51011002026511100020225101010202551010002128
4101000220
5101100220451110002202510101022055101100022651010021029
4101020020
511102002025101120020451010221007
4101020200
5101120200451110202002510102021085101120002651010201029
4101200002
5121000102751112000022510121000255101200012851011022006
4101200020
5121002100751112000202510121002055101102020651010021209
4101200200
5111200200251012102005510120021085101102002651010021029
4101202000
51210001209511120200025101212000551012020108
4101220000
5121020100751112200002510122001085101122000651010221009
4102000201
5112000201251020102015
4102001200
5112001200251120002104510201120055102001210851120002019
4102010002
5112010002251100102024520111020065101010202751000112028
4102010020
5112010020251100122004520111002065101210002751022100019
4102010200
511201020025102011200651020102019
4102012000
5112012000251100102204510101022075100011220852210101009
4102200001
5121000102751122000012510221000155110002201852110001206
4102201000
5121000210751122010002510221100055102201010852110001209
4102210000
5121010200751122100002512001120085102211000651022100019
4110000022
5110102002451011020027511001002255111000220350111002206
4110000202
5112100002451100102025510210100285111000202351100012026
4110000220
5112102000451100102205511100022035110001220651100002219
4110002002
5111200200351101020024511001200255101100022751100020128
4110002020
5111200020351101020204511001202055101102020750112001209
4110002200
5112100020451100122005510210102085111200002351100022019
4110020002
5111020200351101200024501112020065101120002751100200128
4110020020
5111020020351101220004511002102065101122000751100200219
4110020200
5112120000451021210008511102020035110021200651100202019
4110022000
5111220000351101220004510112002075110022010850112201009
4110200002
5121100002751102100025512010100285111200002351102010026
4110200020
5121102000751102100205511120002035110201020651102000219
4110200200
5110210200551221010008511120020035110201200651102002019
4110202000
5121100020751102120005511020201085111202000351102020019
4110220000
5121120000751201210008511122000035110221000651102200019
4112000002
5112100002451120100025521110020065101100202751120000128
4112000020
5112100020451120100205521110002065101102200752110001209
4112000200
5112100200451120102005511200120065112000210851120002019
4112002000
5112102000451120120005510110022075112002010852112001009
4112020000
5112120000452111200006510112020075112020010852110201009
4112200000
5121100200751122100005511220001085112201000651122000019
4120000021
512100012035110202001451200100215
4120001020
5121100020351102020104512001102055101202010751102020019
4120001200
5121100002351122000104512001120055102201010851100022019
4120010002
5121010200351102100024502111020065101210002751002110028
4120010020
5121010020351102120004512001102065101212000751200100219
4120012000
5121210000351102100204510121002075100211020850212101009
4120020001
5121020100351102200014501122010065101022100751100200218
4120021000
5121120000351201210004510122001075120021010850112201009
4120200001
512100210035120210001550112001206
4120201000
5121102000351202110005512120001075120201010850112001209
4120210000
512121000035120211000651202100019
4121000020
512110002045121010020551210001207
4121000200
5121100200451210102005512110000265121000210851210001029
4121020000
512112000045121020100751210200108
4121200000
5121210000551211020006512120010075121200010851210021009
4122010000
5110210200452211100006510121020075100211200852210101009
4201020100
521102010045110020201851010201029
4201100020
5211100020251021010206520111002055101200012951122000017
4201100200
5211100200251021010026520111020055101000212952121000018
4201120000
5211120000251021210006510102021095210021100852110201007
4202101000
51120000129521210100025202111000550101012028
4210000012
511200021035210101002452100100125
4210002010
5112200010352101010204521001201055102101020751201010029
4210010002
5112010200352101100024501211020065102011200752100100128
4210010020
5112010020352101120004501211002065102211000751002110029
4210010200
5112010002352121100004501211000265202111000851000112029
4210012000
5112210000352101120004520111002075210012010850211102009
4210020010
5112020010352101210004501012120065102121000751100200129
4210100002
511200120035210110002552101010026
4210102000
5112201000352101120005521110002075210101020852101020019
4210120000
521112000035210121000652101200019
4210210000
5112012000350121120006522111000075220111000850011102209
4212000010
521010120045212010010551021010027
4212010000
521211000045201110200752120100108
4212100000
5212110000552121010006521110020075210101200852121000019
4220101000
5112002010752201110005501010122085122101000351100020129
4221000100
5110200201652210101005521120010045101002102951100002218
4221100000
5122101000652211100005510120021095221100010852112001007
5001110220
61002110226610001122296021110220262011102201
5010101202
621010120216010101222860101212025
5010101220
62101012201601012122056010101222962101010223
5010112002
60121120023621011200216010112022860121100227
5010112020
601211202076210112020160101120229
5010121020
6010121220762101210201
5010121200
62101212001601012122086010121202962101210023
5010212010

5011100220
61102010226611000122296011120220562111002201
5011120200
62111202001611022100266110021202960111202208
5011200120
62112001201601122012056110002221961102020216
5011220100
62112201001601122012086110022201961102220016
5012110002
62121100021601211200266012110022860121102027
5012110020
62121100201601211202066012110022960121122007
5012110200
621211020016012112200860121102029
5012112000
62121120001601211200296012112020860121122007
5021110200
62211102001612021100266120011202960211102208
5021210100

5100011202
61002112024612001120226100011222862011102023
5100011220
61002112204612001122026102011220361000112229
5100211002
61002112027612021100226100211022862011122003
5100211020
61002112207612021102026102211020361002110229
5100211200
61202112002610021122086102211200361002112029
5101000212
610120021266121000212261010202125
5101002102
61210021022610102210256101002122861210001224
5101002120
610100212296121002120261010221205
5101010202
610121020266121010202261010102228
5101010220
61012102204612101022026101210022661010102229
5101020102
6101022102661210201022
5101020210
61012202104612102021026101220012661010202129
5101022100
61010221029612102210026101022120861210201204
5101100022
61011020226612110002226101120022561011002227
5101100202
61211002022610112020256101100222861011022026
5101100220
61211002202610112022056101102220661011002229
5101102002
61211020022610112200256101102022861011022027
5101102020
61011020229612110202026101122020561011022207
5101102200
61011022029612110220026101122200561011022208
5101120002
61011220026612112000226101120022861011202027
5101120020
61011202207612112002026101122020661011200229
5101120200
61211202002610112022086101122200661011202029
5101122000
61011220029612112200026101122020861011222007
5101200012
61012002127612120001226101220012561012022106
5101200210
61212002102610122021056101202210661012002129
5101202010
610120221096121202010261012220105
5101210002
61012102027612121000226101210022861012122006
5101210020
61012102207612121002026101212020661012100229
5101210200
61212102002610121022086101212200661012102029
5101212000
610121220096121212000261012120208
5101220010
61012202107612122001026101222010661012200129
5102001210
612200121026102021210562121002019
5102010201

5102011200
61220112002610221120046102011220862011102029
5102101002
61221010022610212100256112000212761021010228
5102101020
61221010202610212102056112002210761021010229
5102121000
61221210002611202021076102121020861021210029
5102201010
61220012107612220101026102221010562121000219
5102210001

5102211000
61022112007612221100026102211020862011122009
5110000221
61100022216611002022156110200221461120002213
5110001202
61102012024611002120256110001222862111002023
5110001220
61102012204611002122056112001220361100012229
5110002012
61120020123611020201246110022012561021010227
5110002201
62112001023611000222186110022201561102022014
5110010022
61102100224611001022276112010022361100120226
5110010202
61102102024611001022286112010202361100122026
5110010220
61102102204611201022036110012220661100102229
5110012002
61120120023611021200246110012202761100120228
5110012020
61120120203611021202046110012220761100120229
5110012200
61102122004611001222086112012200361100122029
5110020012
61120200123612012100246110022012661021210027
5110020021
61100202217601122012066110220021462110201203
5110020201
61102202014611002022186112020201361100222016
5110021020
62111200203611022102046110021220760111202209
5110021200
61102212004611002122086112021200361100212029
5110022010
61120220103611022201046102121020761100220129
5110102002
61121020023611012200256112100022761101020228
5110102020
611210202036110122020561101020229
5110120002
6112120002361101220026
5110122000
61121220003611212002076110122020861101220029
5110200021
61102002217611022002156112200021361102020216
5110200201
61102202015611020022186112200201361102022016
5110201002
61102012027611022100256110201022862111022003
5110201020
61102012207611022102056112201020361102010229
5110201200
61102212005611020122086112201200361102012029
5110202001
61102022017611022200156110202021862112021003
5110202010
61221010207611022201056112202010361102020129
5110210002
61102102027611021002286112210002361102120026
5110210020
61102102207611221002036110212020661102100229
5110210200
61102102208611221020036110212200661102102029
5110212000
61102122007611021202086112212000361102120029
5110220001
61102202017611022002186112220001361102220016
5110221000
61102212007611022102086112221000361102210029
5111000202

5111000220

5111020020

5111020200

5111200002

5111200020

5111200200

5111202000

5111220000

5112000012
61122000124611202001256112002012661120002127
5112000201
61122002014611202020156211200102661120002218
5112000210
61221012004611202021056112002210661120002129
5112001200
61122012004611202120056112001220862111002029
5112002010
61122020104611202201056112002210761120020129
5112010002
61122100024611201200266112010202761120100228
5112010020
61122100204611201202066112010220761120100229
5112010200
61122102004611201220066112010220861120102029
5112012000
61122120004611201220076112012020861120120029
5112020010
61122200104611202201066112020210761120200129
5112100002
61121200025611210200266112100202761121000228
5112100020
61121200205611210202066112102200761121000229
5112100200
611212020056112102200661121002029
5112102000
61121220005611210220076112102020861121020029
5112120000
61121220006611212020076112120020861121200029
5112200001
61122002017611222000156112200021862112021006
5112200010
61221012007611222001056112202010661122000129
5112201000
61122012007611222100056112201020862111022009
5112210000
61122102007611221002086112212000661122100029
5120010021

5120011020
62211100203612021102046120011220760211102209
5120011200
61220112003612021120046120011220861200112029
5120021010
62211200103612022101046102221010762101220019
5120101002
61221010023612012100256112200012761102020128
5120121000
61221210003611222001076110222010861201210029
5120201010
612220101036120221010561202010129
5120210001

5120211000
61222110003612021120076120211020861202110029
5121000102
61210021026612102010256121200102461210001228
5121000120
61212021004612102012056121002120661210001229
5121000210
61212002104612102021056121200012661210002129
5121002100
61210221005612120210046121002102961210021208
5121010020
6121210020461210102207
5121010200
61212102004612121000266121010220861210102029
5121020010
6121220010461210202107
5121020100
61212201004612102210066121020120861210201029
5121100002
61211020026612112000256121100022861211002027
5121100020
61211200205612110202066121100220761211000229
5121100200
61211202005612110220066121100220861211002029
5121102000
61211220005612110200296121102020861211022007
5121120000
61211220006612112020076121120020861211200029
5121200010
61212200105612120201066121200210761212000129
5121200100
612122010056121202100661212001029
5121210000
61212120006612121020076121210020861212100029
5122101000
61221210005612210120076122101020861221010029
5201110020
62211100202610221102066102011220962011102207
5201110200
62211102002620111220066201110202962011102208
5202111000

5210010012

5210012010

5210021100
62211200104610222101086102021210962121200013
5210101002
62121012003621012100256210101202762101010228
5210101020
62101012207621012102056212101020362101010229
5210101200
62101212005621010122086212101200362101012029
5210102001
62122011003612020101286210122001562121000217
5210110002
6212110002362101120026
5210112000
62121120003621211002076210112020862101120029
5210120001
6210122001862121200017
5210121000
62121210003621012120076210121020862101210029
5211000120
61120002219621120012046211020120561122000216
5211020100
61122200016621122010046112020201962110201208
5211100020
61122010206621112002056112001220962111002207
5211100200
62111022006621112020056211100202962111002208
5211120000
61122210006611202120096211120020862111202007
5211200100
62112001208621122010056211200102962112021006
5212010010

5212100001
62122011006621210002186212120001562121002017
5212101000
621212100056212101200762121010208
5212110000
62121120006621211020076212110020862121100029
5220111000

5221010100

5221100010
61222010106622112001056122001210962122011007
5221110000
61222110006612201120096221110020862211102007
6010101222

6010112022
7110211220771101120221
6010121202
7110121202172121210108
6010121220
711012122017110221210971101210223
6011120220
711112022017110121022671011220129
6011220120
711122012017101221120971101220216
6012110022
711211002217210111220671102112027
6012110202
7112110202172101112028
6012112002

6012112020
711211202017122211010971102110227
6012112200
711211220017122011210972101110228
6021110220
712111022017110212012671012122109
6100011222

6100211022
712121021077110211022271011122203
6100211202
711021120227212211100871011122023
6100211220
711021122027101112022371102102219
6101002122
7111002122271010121225
6101010222

6101020212
7112021102671110202122
6101022102
711102210227101120221871110201224
6101022120
7121220101971110221202
6101100222

6101102022
711110202227101112022571110021227
6101102202
711110220227101112202571120011228
6101102220
710110222197111102220271011122205
6101120022
710112122067111120022271110221027
6101120202
711112020227112021102871011212026
6101120220
711112022027101121220671011202219
6101122002
711112200227101122012871110201227
6101122020
710122112097111122020271110221207
6101122200
710112220197111122200271120211208
6101200212
711120021227101210212571120011226
6101202210
711120221027101212210571211002219
6101210022
712101210277111210022271011122206
6101210202
711121020227101210212871011122026
6101210220
711121022027101112022671010121229
6101212020
7121012120971112120202
6101212200
711121220027101212210871210101229
6101220012
712112020177111220012271120211206
6101220210
711122021027101122012671011202219
6101222010

6102011220
711201221047112011220271122102019
6102021210

6102101022
711210102227102111022571112002127
6102121002
711212100227111020212771100212128
6102121020
711212102027111220012771122200119
6102211020
712121001277112211020271122100219
6102211200
711221120027122011210871120102219
6102221010
712112001277112221010271121200219
6110001222

6110002221
711120012237110012221571121020214
6110010222

6110012022
711121022037110112022471011120227
6110012202
711211002247102111022871112102023
6110012220
711211202047111210022371100122219
6110020221
701112210267112122001471110201223
6110021202
711012120247110021212871111202023
6110021220
711012122047111120022370111221029
6110022012
711122021037110121022471011212207
6110022201
711122010237112220011871121200214
6110102022
7111102022371101120225
6110122002
711112200237111120022771101210228
6110122020
7111122020371101220219
6110200221
711021022157111002122370111021226
6110201022
712110201277110211022571111022203
6110201202
711021120257110201212871111022023
6110201220
711021122057111102022370111021229
6110202012
712110122077110212012571112022103
6110202021
712120112077110212021571112021203
6110202201
711021220157211202110871112021023
6110210022
712111200277111210022371102110226
6110210202
712211100287111210202371102112026
6110210220
711121022037110211220671102102219
6110212002
712111002277110212012871112122003
6110212020
712111202077111212020371102120219
6110212200
712211102087111212200371102122019
6110220021
712122110077111022120370111221206
6110220201
722112110087111022102370111221026
6110221002
712112001277110221012871111222003
6110221020
712112201077111122020370111221209
6110221200
711022121087111122002370111221029
6110222001

6110222010

6112000212
711210120247112010212572111002126
6112000221
721110210267112010221571121022014
6112001220
711210122047112011220572111021029
6112002012

6112002210
711210122047112012210571221012019
6112010022
711211002247211110220671011122027
6112010202
711211020247211110202671120102128
6112010220
711211220047112011220671120102219
6112012002

6112012020
711211202047101112220772112101209
6112012200
711211220047112012210872112101029
6112020012
711012120247211120210671011212027
6112020201

6112020210

6112021200

6112022010
711012122047101121220772211211009
6112100022
711211002257112101022671111022027
6112100202
7112110202571121012026
6112102002

6112102020
711211202057111102220771121020219
6112102200
711211220057112101220871121022019
6112120002
711212100267111120202771101212028
6112120020
711212102067111122200771121200219
6112120200

6112122000
711112022077110121220871121220019
6112200012
712110120277112210012572111022106
6112200021
712110220177112210021572111021206
6112200201
711221020157122101201872111021026
6112201020
711220112077112211020572111021209
6112201200
711221120057112201210872111021029
6112202010
712110122077112212010572112021109
6112210002
712111020277112210012872111122006
6112210020
712111220077112211020671122100219
6112210200
712211120087112211200671122102019
6112212000
712111022077112212010872112121009
6112220001
712112020177112220011872111221006
6112220010
712112120077112221010671122200119
6112221000
711222110077112221010872111221009
6120011202
712111020237112210012472121100218
6120011220
712111002237112212010471102122019
6120121002
712112120037111220012771102210128
6120201012
7112201120371202110125
6120211002
712111220037121210012771202110128
6120211020
712111202037121212010771102120219
6120211200
712221101087121112002371100122219
6120221010
7121122010371101220219
6121000122
712110022167121010122571112021024
6121000212
7112201102471210102125
6121002102
712101210257111200122471011022218
6121002120
712101212057111202120471212021019
6121010202
7121110202471210102128
6121010220
712111022047121110022671210101229
6121020102
711122010247121120201671011222018
6121020120

6121020210
711222110047121120012671011222019
6121022100
711122012047121220101971012211208
6121100022
712110122067121110022571112021027
6121100202
712111020257121101202671122011028
6121100220
712111022057121101220671211002219
6121102002
712111200257121102012871112001227
6121102020
712111202057121201120971112021207
6121102200
712111220057121102201971122011208
6121120002
712112120067111220102771211200128
6121120020

6121120200
712112120067112221100871211202019
6121122000
712122110097121122010871112201207
6121200012
712121001257112201120671211022017
6121200102
7121210102571211022016
6121200210
712121021057121102012671011022219
6121202010
7121212010571212011207
6121202100
712121210057121201120871212021019
6121210002
712111220067121210102771212100128
6121210020
712111202067121212100771210121209
6121210200
712111200267121210210871210121029
6121212000
7121212100771212120108
6121220010
712112201067121221100771012211209
6121220100
7121221100671212201019
6122001210
711220121047122011210571121022019
6122011200
712211120047122011210872112101029
6122101002
712211100257111200212771102012128
6122101020
712211102057111202210772112021109
6122101200
712211120057112201210871221012019
6122121000
711122021077110221210872211211009
6122201010
712221101057121102012771121020219
6122211000
712121021077122211010872112101209
6201110202
721111020227112010212672121102018
6201110220
721111022027102111022671012102129
6201112200
712101021297211112200272121100218
6210101022
711220121077210111022571121012203
6210101202
721011120257212101210871121012023
6210101220
721011122057112101022371102012129
6210112002
711221120037112011220772101110228
6210112020
7112211020371202110129
6210121002

6210121020
711212102037112221010771102210129
6210121200
721212101087112121002371100212129
6210122001
711222110037110221012871120211207
6211020120
710112220197211122100471121200216
6211100202
711210120267211110202572111002128
6211100220
711210102267211110220571120011229
6211102200
711220110297211112200572111022108
6211120020
711212102067112021120972111221007
6211120200
711212100267112021102972111202108
6211200102
712210120187211210102571121022016
6211200120
721121012057101102221971121020216
6211202100
712110022197211212100572112021108
6211220100
722112110087101120221971121220016
6212100021
711220110277211102210672121100215
6212100201
7211100212872121102015
6212101020
7212111020572111022107
6212101200
721211120057212101210872111002129
6212110002
721211120067211110202772101112028
6212110020
721211102067211112200772121100219
6212110200
7212111200672121102019
6212112000
721111022077210111220872122111009
6212120001
721112021067110021212871120211027
6212121000
7211120210772121210108
6212201100
711020121287212211100571120011229
6221110020
712211102067101212210972112121007
6221110200
712211100267101210212972122111008
6221120010
711022121067101122012971121220017
7011102122
8011122122582111021221
7011122102
8011122122882111221021
7011122120
8011122122982111221201
7101012122

7101102221
8101122221581211022212
7101112022
8121112022281011122227
7101112202
8121112202281011122228
7101112220
8101112222981211122202
7101120221
8101122221681211202212
7101121202
8121121202281011212228
7101121220
8121121220281011212229
7101122012
8121122012281120211227
7101122201
8121122201281011222218
7101210212
8121210212281012122126
7101212210
8121212210281012122129
7101221120
8121221120281011222219
7102111022

7110012221

7110021212
8110221212482111202123
7110112022
81121120223
7110121022
8110121222781121210223
7110121202
8110121222881121212023
7110121220
8112121220381101212229
7110122021
81121220217
7110201212
8110221212581122012123
7110210221

7110211022
8110211222782111122203
7110211202
8110211222881122112023
7110211220
8112211220381102112229
7110212012

7110212021

7110212201

7110221012
8110221212782111222103
7110221210
8112221210381102212129
7111002122

7111020122

7111020212

7111022102

7111022120

7111102022

7111102202

7111102220

7111120022

7111120202

7111120220

7111122002

7111122020

7111122200

7111200122

7111200212

7111202102

7111202120

7111202210

7111210022

7111210202

7111210220

7111212020

7111212200

7111220012

7111220102

7111220120

7111220210

7112001122
8112201122481120211225
7112010212

7112010221

7112011220
8112211220482111102229
7112012210

7112021102
8112221102481120211228
7112021120
8112021122981122211204
7112101022
8112121022581121012227
7112101202
8112121202581121012228
7112101220
8112121220581121012229
7112102021
8112122021581121022217
7112102201
8112102221881121222015
7112110022
8112112022681121122027
7112110202
81121122026
7112112020
8112112220781121120229
7112112200
8112112220881121122029
7112120021
8112122201781121220216
7112121002
8112121202781121210228
7112121020
8112121220781121210229
7112122001
8112122021881121222017
7112201102
8112221102581122011228
7112201120
8112221120581122011229
7112201210
8112221210581122012129
7112210012

7112210021

7112210201

7112211020
8112211220782111122209
7112211200
8112211220881122112029
7112212010

7112220011
8122121201782112221106
7112221010
8112221210782111222109
7112221100
8112221120881122211029
7120211012
82122111203
7121010122

7121010212
81212102124
7121012102

7121012120

7121100221
8121120221581211022216
7121101202
8121121202581211012228
7121101220
8121121220581211012229
7121102012
8121122012581122011227
7121102201
8121122201581211022218
7121110022
8121112022681211102227
7121110202
8121112202681211102228
7121110220
8121112220681211102229
7121112002
8121112022881211122027
7121112020
8121112022981211122207
7121112200
8121112202981211122208
7121120012
8121122012681122211027
7121120201
8121122201681211202218
7121121200
8121121220881211212029
7121122010
8121122012981122211207
7121201120
8121221120581211022219
7121202101
8121222101581212021218
7121210012
8121212210681212102127
7121210102

7121210210
8121212210681212102129
7121212010
81212122107
7121212100

7121220101
81212221016
7121221100
8121221120881211222019
7122011210
8122211210482121122019
7122101201
8122121201581122022118
7122111002

7122111020

7122111200

7122211010
8122211210782122111209
7210111022

7210111202

7210111220

7211100212
8112201212682111202125
7211102102
8211122102582111021228
7211102120
8211102122982111221205
7211102210
8112201212982111222105
7211110202
8112211202682111102228
7211110220
8211112220682111102229
7211112200
8112211202982111122208
7211120210
8211122210682111202129
7211122100
8211122102982111221208
7211202110
8211222110581122022119
7211210102

7211210120

7211212100

7212101210
8212121210582121012129
7212110021
8212112201782122111206
7212110201
82121122018
7212111020

7212111200

7212121010
82121212107
7212211100
8212211120882121122019
7221121100
8122121201982112221108
8011122122
91111221221
8101112222

8101121222

8101122221
91111222212
8101212212
91112122122
8110121222

8110211222

8110221212
91111222123
8112021122
91111222124
8112101222

8112102221
91121122215
8112112022

8112112202

8112112220
91121122219
8112121022
91111222127
8112121202

8112121220

8112122021
91111222217
8112122201

8112201122

8112201212
91122112125
8112202211
91122122115
8112211202
91122112128
8112211220
92111121229
8112221102

8112221120

8112221210

8121101222

8121102221
91211122215
8121110222

8121112022
91112121227
8121112202
91122111228
8121112220
91211122219
8121120221

8121121202
91211212128
8121121220

8121122012
91111222217
8121122201
91122211218
8121202121
91212121215
8121210212

8121212210
91211122219
8121221120

8121222101

8122121201

8122211210
91121122219
8211102122
92111121225
8211110222

8211112220
91122111229
8211120212

8211122102

8211122120
91122211219
8211122210
91211212129
8211222110

8212101212
92121112125
8212112201
91122112128
8212121210

8212211120

9111122122

9111122212

9111122221

9111212122

9111212212

9112112221

9112211122

9112211212

9112212211

9112221121

9121112221

9121121212

9121212121

9211112122

9212111212

