0
51.7588
-32.6633
13.3065
1
45.7286
-21.608
11.804
2
45.7286
-32.6633
11.4824
3
47.7387
-21.608
12.2211
4
50.7538
-31.6583
13.1156
5
46.7337
-27.6382
13.1206
6
51.2563
-26.6332
16.2613
7
60.3015
-24.6231
17.9497
8
56.7839
-26.6332
17.9598
9
57.7889
-16.5829
18.8442
10
56.2814
-19.598
19.0151
11
63.8191
-26.6332
20.9196
12
62.8141
-19.598
21.8141
13
55.7789
-16.5829
21.7236
14
60.804
-30.6533
24.7588
15
68.8442
-27.6382
25.8894
16
70.8543
-25.6281
26.3869
17
66.3317
-15.5779
29.4221
18
66.8342
-21.608
29.2764
19
66.8342
-20.603
30.2814
20
76.8844
-16.5829
36.2261
21
80.402
-5.52764
40.7437
22
84.9246
2.51256
46.794
23
80.9045
1.50754
49.0704
24
89.9497
-11.5578
50.9397
25
93.9698
-35.6784
49.7789
26
94.9749
-8.54271
49.2312
27
88.9447
-11.5578
53.4523
28
89.9497
6.53266
54.5528
29
89.9497
-10.5528
58.4372
30
85.9296
6.53266
57.6683
31
87.9397
-2.51256
56.206
32
94.9749
0.502513
60.7035
33
90.9548
13.5678
62.4121
34
91.9598
2.51256
62.1005
35
92.9648
12.5628
64.9095
36
93.9698
14.5729
60.8794
37
92.4623
24.6231
61.2362
38
92.9648
8.54271
62.3869
39
95.9799
10.5528
62.8794
40
96.9849
10.5528
66.1658
41
97.99
27.6382
68.2915
42
97.4874
32.6633
67.6432
43
98.995
15.5779
67.0402
44
98.995
-6.53266
73.8643
45
100
20.603
71.7588
46
100
6.53266
74.8895
47
100
-7.53769
75.3266
48
100
15.5779
74.0402
49
100
8.54271
71.9296
50
100
-0.502513
74.402
51
100
28.6432
74.7739
52
100
33.6683
77.2462
53
100
0.502513
76.2412
54
100
28.6432
79.3568
55
100
28.6432
78.2814
56
100
32.6633
82.1256
57
100
41.7085
81.0704
58
100
34.6734
81.6784
59
100
43.7186
80.5126
60
100
28.6432
78.0955
61
100
40.7035
79.603
62
100
39.6985
82.4221
63
100
45.7286
84.5377
64
100
46.7337
81.7236
65
100
38.6935
87.2211
66
100
43.7186
84.5578
67
100
56.7839
87.2312
68
100
17.5879
85.7236
69
100
35.6784
86.5377
70
100
40.7035
86.2915
71
100
34.6734
85.799
72
100
33.6683
87.3317
73
100
49.7487
89.191
74
100
2.51256
89.5276
75
100
63.8191
88.7487
76
100
33.6683
88.799
77
100
27.6382
89.9799
78
100
30.6533
89.9296
79
100
63.8191
90.1809
80
100
21.608
86.9196
81
100
25.6281
87.0151
82
100
24.6231
89.4523
83
100
24.6231
90.6482
84
100
25.6281
91.196
85
100
39.6985
88.9598
86
100
21.608
89.0251
87
100
65.8291
88.3719
88
100
59.799
92.6884
89
100
68.8442
92.1206
90
100
55.7789
90.6533
91
100
59.799
88.8794
92
100
4.52261
88.9397
93
100
16.5829
87.9598
94
100
63.8191
90.6382
95
100
70.8543
90.2462
96
100
63.8191
91.6884
97
100
58.794
90.5628
98
100
87.4372
92.5075
99
100
28.6432
89.5829
100
100
16.5829
89.8643
101
100
15.5779
89.7789
102
100
18.593
91.4322
103
100
37.6884
91.2814
104
100
24.6231
90.5025
105
100
21.608
89.9548
106
100
55.7789
88.2211
107
100
75.8794
86.8844
108
100
76.8844
90.3216
109
100
87.9397
90.0804
110
100
61.809
90.392
111
100
22.6131
89.3668
112
100
17.5879
90.7286
113
100
5.52764
89.7889
114
100
67.8392
90.3769
115
100
78.8945
90.4573
116
100
86.9347
93.2663
117
100
84.9246
90.4874
118
100
51.7588
93.9698
119
100
66.8342
91.4171
120
100
85.9296
92.5528
121
100
95.9799
93.4271
122
100
96.9849
91.9598
123
100
87.9397
93.6281
124
100
83.9196
92.0553
125
100
72.8643
90.5477
126
100
76.8844
92.5377
127
100
98.995
90.4523
128
100
43.7186
92.1809
129
100
47.7387
92.196
130
100
45.7286
89.9246
131
100
56.7839
88.6935
132
100
49.7487
91.9648
133
100
58.794
93.0603
134
100
61.809
89.7085
135
100
29.6482
87.392
136
100
67.8392
89.9397
137
100
33.6683
92.8995
138
100
11.5578
88.2211
139
100
70.8543
92.6784
140
100
82.9146
89.7889
141
100
85.9296
93.8643
142
100
7.03518
90.804
143
100
87.9397
91.9347
144
100
87.4372
92.9548
145
100
90.9548
92.4121
146
100
88.9447
92.804
147
100
37.6884
93.4422
148
100
39.6985
91.4824
149
100
35.6784
88.7487
150
100
-6.53266
90.7035
151
100
-11.5578
90.6231
152
100
-3.51759
89.3769
153
100
-4.52261
90.3116
154
100
6.53266
90.2513
155
100
6.53266
89.397
156
100
53.7688
90.8844
157
100
18.593
92.0251
158
100
9.54774
92.4271
159
100
7.53769
90.8744
160
100
38.6935
93.0754
161
100
54.7739
89.4573
162
100
14.5729
92.2814
163
100
8.54271
90.3819
164
100
58.794
89.1508
165
100
67.8392
89.3518
166
100
59.799
89.7688
167
100
72.8643
92.5628
168
100
62.8141
90.6683
169
100
67.8392
92.2864
170
100
65.8291
90.0603
171
100
62.8141
90.6533
172
100
96.9849
91.3216
173
100
98.4925
92.3417
174
100
91.9598
89.9397
175
100
91.9598
93.5628
176
100
91.9598
91.5276
177
100
29.1457
93.0955
178
100
16.5829
89.2211
179
100
-3.51759
86.8492
180
100
-9.54774
90.3015
181
100
-0.502513
88.1407
182
100
40.7035
91.7638
183
100
37.6884
89.2613
184
100
53.7688
92.5528
185
100
50.7538
90.9698
186
100
6.53266
87.9548
187
100
33.6683
87.7035
188
100
38.6935
88.4975
189
100
27.6382
89.201
190
100
14.5729
88.0955
191
100
23.6181
90.4874
192
100
47.7387
88.1357
193
100
50.7538
89.191
194
100
32.6633
89.9497
195
100
40.7035
88
196
100
19.598
86.794
197
100
22.6131
84.3116
198
100
-5.52764
82.5879
199
100
43.7186
86.2513
