0
76.8844
5.92965
16.5251
1
75.3769
5.32663
16.3417
2
74.3719
6.84673
15.5779
3
74.8744
7.03518
16.608
4
74.8744
6.15578
17.3467
5
77.8895
6.78392
18.2538
6
75.3769
6.72111
19.0302
7
78.392
7.68126
19.1206
8
80.402
7.28643
17.098
9
78.8945
7.47487
19.1181
10
76.3819
8.39914
19.51
11
78.392
6.97236
20.3467
12
77.3869
4.13607
19.7864
13
82.9146
8.0402
21.1508
14
80.9045
5.97432
19.4623
15
82.9146
9.40416
20.0553
16
86.4322
8.68629
20.2513
17
83.9196
6.23116
19.7286
18
88.9447
6.60445
20.5779
19
84.4221
9.38023
19.8543
20
86.4322
8.35427
21.0075
21
87.4372
7.32233
24.0829
22
87.4372
12.0603
25.3317
23
88.4422
10.6533
26.6759
24
88.4422
9.54774
27.7437
25
89.9497
11.2228
27.0025
26
90.9548
10.3015
26.397
27
90.9548
9.90668
24.8844
28
92.9648
10.8543
27.2839
29
90.9548
8.20771
26.6834
30
92.9648
8.60553
25.8869
31
91.9598
10.5528
27.1784
32
95.9799
11.139
26.299
33
90.4523
6.53266
26.1935
34
90.4523
10.0503
27.1834
35
91.9598
10.469
27.8819
36
90.9548
8.84422
27.4472
37
90.9548
12.8141
28.2387
38
95.9799
9.9665
29.2412
39
95.4774
8.97344
29.1457
40
96.4824
12.6884
29.8769
41
94.4724
12.6346
29.4523
42
93.4673
14.5729
30.9849
43
95.4774
13.9698
31.2085
44
93.9698
13.0653
30.4472
45
92.4623
10.6784
28.3291
46
94.9749
13.0653
29.6884
47
97.99
13.8693
33.9598
48
95.9799
11.3568
34.3995
49
95.4774
10.3518
28.9774
50
93.9698
11.2437
27.8442
51
95.4774
11.5578
29.191
52
96.4824
13.9866
27.9799
53
97.99
12.0603
30.005
54
98.995
10.6156
29.6106
55
86.9347
12.9935
30.3744
56
98.995
12.9218
30.3543
57
98.4925
11.809
29.49
58
100
18.0905
32.0503
