0
46.1461
-25.5255
13.2436
1
56.1562
-23.1231
11.4436
2
55.6557
-27.1271
11.2705
3
48.7487
-27.3273
11.4727
4
50.2503
-24.7247
10.7582
5
47.7477
-27.9279
11.2669
6
53.7538
-28.1281
11.8494
7
54.1542
-24.1241
12.1055
8
50.4505
-26.9269
12.8376
9
56.7568
-30.9309
14.2757
10
53.7538
-31.9319
15.6671
11
61.5616
-28.9289
15.8426
12
60.961
-31.9319
16.1808
13
63.3634
-24.9249
16.8486
14
64.965
-21.5215
18.6715
15
64.7648
-26.5265
19.3305
16
65.5656
-26.9269
20.1996
17
73.1732
-38.3383
22.0877
18
75.5756
-29.7297
23.7453
19
76.7768
-25.3253
25.4116
20
78.2783
-40.9409
27.1063
21
77.2773
-35.1351
28.5998
22
83.984
-31.3313
29.7746
23
87.7878
-33.3333
31.201
24
85.1852
-31.9319
32.0314
25
85.7858
-38.9389
32.5888
26
88.5886
-21.7217
34.3586
27
91.5916
-40.7407
35.3804
28
93.7938
-64.1642
37.4683
29
92.8929
-49.5495
39.8318
30
96.5966
-44.7447
42.5534
31
96.7968
-25.1251
44.6537
32
95.996
-46.7467
45.5011
33
93.1932
-33.5335
48.4841
34
96.997
-36.7367
49.6619
35
98.3984
-30.7307
50.1223
36
98.1982
-23.9239
51.5395
37
98.999
-45.1451
53.1968
38
98.0981
-49.1492
54.0098
39
98.4985
-21.7217
54.4368
40
98.5986
-26.1261
55.647
41
97.1972
-38.5385
55.6891
42
97.1972
-30.3303
56.5798
43
97.1972
-22.3223
58.1904
44
97.7978
-22.3223
58.9215
45
99.5996
-27.9279
59.2983
