0
73.8693
5.69514
16.9045
1
75.3769
6.36516
17.6231
2
73.8693
5.69514
16.8769
3
76.8844
6.21859
18.0226
4
76.3819
6.19765
17.304
5
73.3668
7.28643
17.7437
6
84.9246
6.24551
17.9322
7
85.4271
7.32233
18.0251
8
82.9146
8.87772
19.9623
9
77.8895
7.25054
17.3065
10
82.9146
7.28643
20.4447
11
81.9095
8.47093
20.9698
12
82.4121
7.4659
20.7739
13
78.392
8.71022
22.4045
14
79.8995
7.22362
20.6482
15
79.397
8.20771
20.3593
16
82.9146
9.69131
21.309
17
81.407
8.87772
21.6533
18
86.4322
8.82986
21.5553
19
85.4271
7.14685
20.6658
20
82.4121
8.0402
22.1683
21
80.402
9.63149
21.6734
22
82.4121
9.38023
21.5779
23
85.4271
8.45896
23.4925
24
89.9497
9.46399
23.5653
25
89.4472
7.53769
24.6658
26
87.9397
8.68629
24.7814
27
90.4523
8.75808
23.7161
28
89.4472
10.1508
25.1407
29
94.4724
7.28643
25.397
30
97.4874
11.5578
25.7688
