0
50.7538
-15.5779
13.6332
1
43.7186
-22.6131
12.0854
2
44.7236
-25.6281
10.3518
3
46.7337
-12.5628
11.8543
4
50.7538
-31.6583
12.4623
5
58.794
-28.6432
11.5327
6
51.2563
-27.6382
10.8945
7
56.2814
-26.6332
10.2312
8
44.7236
-34.6734
12.3769
9
54.7739
-27.6382
13.3216
10
51.7588
-26.6332
15.3065
11
61.809
-20.603
16.5528
12
52.7638
-38.6935
15.397
13
59.799
-14.5729
16.1859
14
59.799
-27.6382
14.5226
15
55.7789
-31.6583
16.6583
16
61.809
-14.5729
18.9799
17
67.8392
-29.6482
19.3216
18
59.799
-35.6784
18.4623
19
70.8543
-41.7085
18.6533
20
74.3719
-33.6683
20.1658
21
71.8593
-42.7136
21.5678
22
84.9246
-35.6784
26.4925
23
84.9246
-38.6935
26.8543
24
91.9598
-51.7588
29.6231
25
89.9497
-43.7186
30.7739
26
92.4623
-57.7889
33.5628
27
91.9598
-32.6633
37.7136
28
89.9497
-43.7186
39.8794
29
90.4523
-36.6834
41.9246
30
91.9598
-43.7186
44.5678
31
98.995
-76.8844
46.0905
