0
72.3618
5.52764
15.5176
1
71.8593
7.03518
15.9271
2
72.8643
5.02513
16.2563
3
72.3618
6.74803
18.3618
4
82.4121
6.09296
18.0126
5
75.8794
7.09101
17.8417
6
77.3869
7.45394
18.7085
7
78.392
6.19765
19.5075
8
79.8995
5.80681
18.9648
9
78.8945
6.78392
19.6281
10
79.8995
6.65829
18.7236
11
79.397
6.36516
19.9573
12
75.8794
8.37521
18.5578
13
74.8744
6.59548
17.7186
14
81.407
6.65829
20.603
15
85.9296
6.72111
18.1809
16
84.9246
4.52261
20.8668
17
77.8895
7.32233
20.7563
18
84.9246
8.54271
22.9623
19
84.4221
8.71022
21.299
20
86.4322
8.0402
24.3417
21
84.4221
10.4523
24.5452
22
88.4422
9.54774
25.5402
23
87.4372
8.62647
24.1608
24
90.9548
9.04523
27.1985
25
85.9296
9.38023
26.0829
26
93.4673
8.96147
23.8392
27
88.9447
9.54774
27.8543
28
91.9598
8.25556
24.4497
29
87.4372
8.29146
24.7663
30
89.9497
10.7538
26.8141
31
89.9497
10.5528
21.2889
32
90.4523
9.69131
26.4598
33
96.4824
6.53266
26.5905
