0
73.8693
6.47683
16.0226
1
76.8844
6.28141
16.9648
2
71.8593
6.25349
14.7111
3
74.8744
5.57789
15.2211
4
77.8895
5.92965
15.9221
5
77.3869
6.46985
17.2613
6
82.9146
6.30932
18.2889
7
79.8995
7.82484
17.9874
8
83.4171
6.90955
18.8116
9
79.8995
7.32233
17.0302
10
80.9045
6.78392
17.8015
11
83.9196
5.86265
19.3769
12
80.402
6.72111
18.7915
13
82.4121
8.54271
20.1407
14
77.8895
9.21273
21.6156
15
84.4221
7.4659
21.098
16
83.4171
8.6145
21.2588
17
85.4271
9.71524
21.4774
18
81.407
6.15578
20.0025
19
82.9146
8.34171
20.8995
20
85.9296
8.0402
21.7513
21
84.4221
7.10696
22.4523
22
83.4171
9.799
23.196
23
85.4271
9.33238
22.5251
24
82.9146
8.6145
23.3367
25
86.4322
9.88275
21.6055
26
83.9196
8.75808
21.4045
27
86.4322
8.54271
23.6633
28
83.4171
10.804
24.2261
29
84.9246
8.12395
22.2965
30
85.4271
11.6583
26.4221
31
86.4322
9.29648
24.6683
32
87.9397
12.2613
24.8291
33
91.9598
9.29648
27.6633
34
92.9648
8.25556
29.3116
35
93.4673
7.41206
27.2136
36
91.4573
8.0402
27.9045
37
91.9598
8.6145
27.6357
38
96.4824
10.469
28.6633
