0
47.3684
-20.802
13.3709
1
46.8672
-27.8195
11.3885
2
48.8722
-21.8045
11.1378
3
50.1253
-24.812
11.4687
4
50.8772
-23.8095
11.8308
5
43.3584
-25.8145
12.3684
6
44.3609
-21.8045
11.0752
7
47.3684
-29.3233
12.183
8
43.8596
-32.8321
12.4248
9
46.8672
-27.8195
11.792
10
51.8797
-26.3158
13.01
11
51.3784
-29.8246
13.3772
12
56.8922
-24.3108
14.6454
13
60.401
-31.3283
14.3421
14
54.386
-34.8371
14.9311
15
55.3885
-31.3283
15.5576
16
56.6416
-27.3183
17.1767
17
63.9098
-23.8095
19.5677
18
71.4286
-24.3108
21.4612
19
69.9248
-22.807
23.698
20
73.9348
-25.3133
26.4962
21
74.9373
-30.3258
27.7644
22
79.198
-28.8221
28.5702
23
79.4486
-23.8095
30.698
24
86.4662
-34.3358
35.2393
25
89.4737
-26.3158
37.1867
26
89.9749
-22.3058
39.7682
27
90.4762
-22.3058
43.0865
28
95.2381
-17.7945
45.7531
29
93.985
-26.3158
50.0326
30
95.99
-42.3559
52.7005
31
96.9925
-14.2857
54.3609
32
95.4887
-7.26817
60.0326
33
94.4862
-21.3033
61.5175
34
95.99
-17.7945
61.2368
35
97.4937
-20.3008
66.6779
36
97.995
-5.26316
68.7481
37
98.4962
-24.812
71.4336
38
97.995
-28.8221
71.7381
39
98.9975
5.26316
73.9298
40
97.4937
4.7619
73.5827
41
99.4987
2.75689
75.8446
